GDC_Aliquot	Chromosome	Start	End	Copy_Number	Major_Copy_Number	Minor_Copy_Number
2a2cad37-1da4-4b68-b16d-6d2ba3ce6ab8	chr1	62920	26523804	2	2	0
2a2cad37-1da4-4b68-b16d-6d2ba3ce6ab8	chr1	26534615	26614538	0	0	0
2a2cad37-1da4-4b68-b16d-6d2ba3ce6ab8	chr1	26616846	29646522	2	2	0
2a2cad37-1da4-4b68-b16d-6d2ba3ce6ab8	chr1	29646723	56911824	3	2	1
2a2cad37-1da4-4b68-b16d-6d2ba3ce6ab8	chr1	56911853	56919641	6	3	3
2a2cad37-1da4-4b68-b16d-6d2ba3ce6ab8	chr1	56925477	86093151	3	2	1
2a2cad37-1da4-4b68-b16d-6d2ba3ce6ab8	chr1	86094378	86178207	1	1	0
2a2cad37-1da4-4b68-b16d-6d2ba3ce6ab8	chr1	86185589	118748812	3	2	1
2a2cad37-1da4-4b68-b16d-6d2ba3ce6ab8	chr1	118751421	118764243	1	1	0
2a2cad37-1da4-4b68-b16d-6d2ba3ce6ab8	chr1	118774144	148317150	3	2	1
2a2cad37-1da4-4b68-b16d-6d2ba3ce6ab8	chr1	148318708	248930189	4	2	2
2a2cad37-1da4-4b68-b16d-6d2ba3ce6ab8	chr2	12784	14212200	2	1	1
2a2cad37-1da4-4b68-b16d-6d2ba3ce6ab8	chr2	14213786	14240549	3	2	1
2a2cad37-1da4-4b68-b16d-6d2ba3ce6ab8	chr2	14241075	28134651	2	1	1
2a2cad37-1da4-4b68-b16d-6d2ba3ce6ab8	chr2	28134841	28136629	4	2	2
2a2cad37-1da4-4b68-b16d-6d2ba3ce6ab8	chr2	28140730	52527330	2	1	1
2a2cad37-1da4-4b68-b16d-6d2ba3ce6ab8	chr2	52527342	52554404	0	0	0
2a2cad37-1da4-4b68-b16d-6d2ba3ce6ab8	chr2	52560811	64438201	2	1	1
2a2cad37-1da4-4b68-b16d-6d2ba3ce6ab8	chr2	64440674	64459805	0	0	0
2a2cad37-1da4-4b68-b16d-6d2ba3ce6ab8	chr2	64460643	100693576	2	1	1
2a2cad37-1da4-4b68-b16d-6d2ba3ce6ab8	chr2	100693770	100726556	1	1	0
2a2cad37-1da4-4b68-b16d-6d2ba3ce6ab8	chr2	100726925	135874881	2	1	1
2a2cad37-1da4-4b68-b16d-6d2ba3ce6ab8	chr2	135879780	191066504	4	3	1
2a2cad37-1da4-4b68-b16d-6d2ba3ce6ab8	chr2	191066738	206888936	2	1	1
2a2cad37-1da4-4b68-b16d-6d2ba3ce6ab8	chr2	206889857	207021948	3	2	1
2a2cad37-1da4-4b68-b16d-6d2ba3ce6ab8	chr2	207023823	212906825	2	1	1
2a2cad37-1da4-4b68-b16d-6d2ba3ce6ab8	chr2	212907532	213327937	0	0	0
2a2cad37-1da4-4b68-b16d-6d2ba3ce6ab8	chr2	213331504	223223794	2	1	1
2a2cad37-1da4-4b68-b16d-6d2ba3ce6ab8	chr2	223228383	242147305	3	2	1
2a2cad37-1da4-4b68-b16d-6d2ba3ce6ab8	chr3	20930	8866699	2	1	1
2a2cad37-1da4-4b68-b16d-6d2ba3ce6ab8	chr3	8867116	9322320	1	1	0
2a2cad37-1da4-4b68-b16d-6d2ba3ce6ab8	chr3	9325341	20659551	2	1	1
2a2cad37-1da4-4b68-b16d-6d2ba3ce6ab8	chr3	20662190	20713383	1	1	0
2a2cad37-1da4-4b68-b16d-6d2ba3ce6ab8	chr3	20713740	59816133	2	1	1
2a2cad37-1da4-4b68-b16d-6d2ba3ce6ab8	chr3	59819054	59984234	1	1	0
2a2cad37-1da4-4b68-b16d-6d2ba3ce6ab8	chr3	59984360	78780944	2	1	1
2a2cad37-1da4-4b68-b16d-6d2ba3ce6ab8	chr3	78781690	90453712	3	2	1
2a2cad37-1da4-4b68-b16d-6d2ba3ce6ab8	chr3	93800634	135496724	5	3	2
2a2cad37-1da4-4b68-b16d-6d2ba3ce6ab8	chr3	135496963	136828313	3	2	1
2a2cad37-1da4-4b68-b16d-6d2ba3ce6ab8	chr3	136831798	137041404	6	4	2
2a2cad37-1da4-4b68-b16d-6d2ba3ce6ab8	chr3	137041756	137042319	5	3	2
2a2cad37-1da4-4b68-b16d-6d2ba3ce6ab8	chr3	137042845	198169247	6	4	2
2a2cad37-1da4-4b68-b16d-6d2ba3ce6ab8	chr4	68929	19990858	2	2	0
2a2cad37-1da4-4b68-b16d-6d2ba3ce6ab8	chr4	19991019	20882091	1	1	0
2a2cad37-1da4-4b68-b16d-6d2ba3ce6ab8	chr4	20882137	34784878	2	2	0
2a2cad37-1da4-4b68-b16d-6d2ba3ce6ab8	chr4	34785333	34823103	0	0	0
2a2cad37-1da4-4b68-b16d-6d2ba3ce6ab8	chr4	34828250	37384839	2	2	0
2a2cad37-1da4-4b68-b16d-6d2ba3ce6ab8	chr4	37384876	37412861	1	1	0
2a2cad37-1da4-4b68-b16d-6d2ba3ce6ab8	chr4	37413683	180999144	2	2	0
2a2cad37-1da4-4b68-b16d-6d2ba3ce6ab8	chr4	180999330	181158385	1	1	0
2a2cad37-1da4-4b68-b16d-6d2ba3ce6ab8	chr4	181161221	181399980	0	0	0
2a2cad37-1da4-4b68-b16d-6d2ba3ce6ab8	chr4	181400363	190106768	2	2	0
2a2cad37-1da4-4b68-b16d-6d2ba3ce6ab8	chr5	15532	10423355	4	3	1
2a2cad37-1da4-4b68-b16d-6d2ba3ce6ab8	chr5	10425070	43338774	3	2	1
2a2cad37-1da4-4b68-b16d-6d2ba3ce6ab8	chr5	43338820	43383296	3	3	0
2a2cad37-1da4-4b68-b16d-6d2ba3ce6ab8	chr5	43383400	46313245	3	2	1
2a2cad37-1da4-4b68-b16d-6d2ba3ce6ab8	chr5	46313400	52814876	3	3	0
2a2cad37-1da4-4b68-b16d-6d2ba3ce6ab8	chr5	52815151	127150943	2	2	0
2a2cad37-1da4-4b68-b16d-6d2ba3ce6ab8	chr5	127151674	149932533	3	2	1
2a2cad37-1da4-4b68-b16d-6d2ba3ce6ab8	chr5	149933781	152135923	4	3	1
2a2cad37-1da4-4b68-b16d-6d2ba3ce6ab8	chr5	152135937	152138790	0	0	0
2a2cad37-1da4-4b68-b16d-6d2ba3ce6ab8	chr5	152140710	170455615	4	3	1
2a2cad37-1da4-4b68-b16d-6d2ba3ce6ab8	chr5	170464519	171266520	4	2	2
2a2cad37-1da4-4b68-b16d-6d2ba3ce6ab8	chr5	171268148	181363319	4	3	1
2a2cad37-1da4-4b68-b16d-6d2ba3ce6ab8	chr6	149661	90440308	3	2	1
2a2cad37-1da4-4b68-b16d-6d2ba3ce6ab8	chr6	90440584	90448972	1	1	0
2a2cad37-1da4-4b68-b16d-6d2ba3ce6ab8	chr6	90449791	103286954	3	2	1
2a2cad37-1da4-4b68-b16d-6d2ba3ce6ab8	chr6	103290101	103314186	0	0	0
2a2cad37-1da4-4b68-b16d-6d2ba3ce6ab8	chr6	103317795	125471796	3	2	1
2a2cad37-1da4-4b68-b16d-6d2ba3ce6ab8	chr6	125473134	125598389	5	4	1
2a2cad37-1da4-4b68-b16d-6d2ba3ce6ab8	chr6	125598923	170741917	3	2	1
2a2cad37-1da4-4b68-b16d-6d2ba3ce6ab8	chr7	43259	25330416	2	2	0
2a2cad37-1da4-4b68-b16d-6d2ba3ce6ab8	chr7	25332081	25409614	1	1	0
2a2cad37-1da4-4b68-b16d-6d2ba3ce6ab8	chr7	25411749	43325182	2	2	0
2a2cad37-1da4-4b68-b16d-6d2ba3ce6ab8	chr7	43328352	107838929	4	2	2
2a2cad37-1da4-4b68-b16d-6d2ba3ce6ab8	chr7	107846457	107854886	2	1	1
2a2cad37-1da4-4b68-b16d-6d2ba3ce6ab8	chr7	107854989	159334314	4	2	2
2a2cad37-1da4-4b68-b16d-6d2ba3ce6ab8	chr8	81254	4369635	2	2	0
2a2cad37-1da4-4b68-b16d-6d2ba3ce6ab8	chr8	4370262	4385668	1	1	0
2a2cad37-1da4-4b68-b16d-6d2ba3ce6ab8	chr8	4386338	6246752	2	2	0
2a2cad37-1da4-4b68-b16d-6d2ba3ce6ab8	chr8	6246894	6247540	6	5	1
2a2cad37-1da4-4b68-b16d-6d2ba3ce6ab8	chr8	6247583	11479208	2	2	0
2a2cad37-1da4-4b68-b16d-6d2ba3ce6ab8	chr8	11479611	11496070	0	0	0
2a2cad37-1da4-4b68-b16d-6d2ba3ce6ab8	chr8	11497098	21392253	2	2	0
2a2cad37-1da4-4b68-b16d-6d2ba3ce6ab8	chr8	21393692	27907477	1	1	0
2a2cad37-1da4-4b68-b16d-6d2ba3ce6ab8	chr8	27911189	28066158	3	3	0
2a2cad37-1da4-4b68-b16d-6d2ba3ce6ab8	chr8	28066503	28125469	2	2	0
2a2cad37-1da4-4b68-b16d-6d2ba3ce6ab8	chr8	28125518	30664759	1	1	0
2a2cad37-1da4-4b68-b16d-6d2ba3ce6ab8	chr8	30664796	46007651	2	2	0
2a2cad37-1da4-4b68-b16d-6d2ba3ce6ab8	chr8	46010698	50458358	4	2	2
2a2cad37-1da4-4b68-b16d-6d2ba3ce6ab8	chr8	50458906	52003822	3	2	1
2a2cad37-1da4-4b68-b16d-6d2ba3ce6ab8	chr8	52003938	52057873	1	1	0
2a2cad37-1da4-4b68-b16d-6d2ba3ce6ab8	chr8	52059112	60576315	3	2	1
2a2cad37-1da4-4b68-b16d-6d2ba3ce6ab8	chr8	60576884	60871448	2	1	1
2a2cad37-1da4-4b68-b16d-6d2ba3ce6ab8	chr8	60871731	145072769	3	2	1
2a2cad37-1da4-4b68-b16d-6d2ba3ce6ab8	chr9	46587	8897230	4	2	2
2a2cad37-1da4-4b68-b16d-6d2ba3ce6ab8	chr9	8898682	8903431	2	1	1
2a2cad37-1da4-4b68-b16d-6d2ba3ce6ab8	chr9	8903857	16438222	4	2	2
2a2cad37-1da4-4b68-b16d-6d2ba3ce6ab8	chr9	16439632	16630528	3	2	1
2a2cad37-1da4-4b68-b16d-6d2ba3ce6ab8	chr9	16630702	41741113	4	2	2
2a2cad37-1da4-4b68-b16d-6d2ba3ce6ab8	chr9	60863881	68426962	5	4	1
2a2cad37-1da4-4b68-b16d-6d2ba3ce6ab8	chr9	68429974	122545245	2	2	0
2a2cad37-1da4-4b68-b16d-6d2ba3ce6ab8	chr9	122545329	122555616	1	1	0
2a2cad37-1da4-4b68-b16d-6d2ba3ce6ab8	chr9	122555667	133642179	2	2	0
2a2cad37-1da4-4b68-b16d-6d2ba3ce6ab8	chr9	133643778	133753192	4	4	0
2a2cad37-1da4-4b68-b16d-6d2ba3ce6ab8	chr9	133753594	138200944	2	2	0
2a2cad37-1da4-4b68-b16d-6d2ba3ce6ab8	chr10	45792	10298081	3	2	1
2a2cad37-1da4-4b68-b16d-6d2ba3ce6ab8	chr10	10298358	10347748	1	1	0
2a2cad37-1da4-4b68-b16d-6d2ba3ce6ab8	chr10	10354314	11081201	3	2	1
2a2cad37-1da4-4b68-b16d-6d2ba3ce6ab8	chr10	11082868	11109875	1	1	0
2a2cad37-1da4-4b68-b16d-6d2ba3ce6ab8	chr10	11112201	66614326	3	2	1
2a2cad37-1da4-4b68-b16d-6d2ba3ce6ab8	chr10	66616042	66661035	1	1	0
2a2cad37-1da4-4b68-b16d-6d2ba3ce6ab8	chr10	66663413	72956409	3	2	1
2a2cad37-1da4-4b68-b16d-6d2ba3ce6ab8	chr10	72960204	133654968	4	3	1
2a2cad37-1da4-4b68-b16d-6d2ba3ce6ab8	chr11	198510	3154735	1	1	0
2a2cad37-1da4-4b68-b16d-6d2ba3ce6ab8	chr11	3156709	26652486	2	1	1
2a2cad37-1da4-4b68-b16d-6d2ba3ce6ab8	chr11	26652636	26653681	6	3	3
2a2cad37-1da4-4b68-b16d-6d2ba3ce6ab8	chr11	26656163	63079981	2	1	1
2a2cad37-1da4-4b68-b16d-6d2ba3ce6ab8	chr11	63080895	63557023	4	3	1
2a2cad37-1da4-4b68-b16d-6d2ba3ce6ab8	chr11	63557729	76160491	2	1	1
2a2cad37-1da4-4b68-b16d-6d2ba3ce6ab8	chr11	76161726	79977761	3	2	1
2a2cad37-1da4-4b68-b16d-6d2ba3ce6ab8	chr11	79978510	80158905	2	1	1
2a2cad37-1da4-4b68-b16d-6d2ba3ce6ab8	chr11	80159076	81031975	1	1	0
2a2cad37-1da4-4b68-b16d-6d2ba3ce6ab8	chr11	81032016	81307644	2	1	1
2a2cad37-1da4-4b68-b16d-6d2ba3ce6ab8	chr11	81310796	84755239	3	2	1
2a2cad37-1da4-4b68-b16d-6d2ba3ce6ab8	chr11	84757883	85231886	2	1	1
2a2cad37-1da4-4b68-b16d-6d2ba3ce6ab8	chr11	85232033	101540477	3	2	1
2a2cad37-1da4-4b68-b16d-6d2ba3ce6ab8	chr11	101540671	101559309	1	1	0
2a2cad37-1da4-4b68-b16d-6d2ba3ce6ab8	chr11	101563437	116407031	3	2	1
2a2cad37-1da4-4b68-b16d-6d2ba3ce6ab8	chr11	116408575	116415213	6	4	2
2a2cad37-1da4-4b68-b16d-6d2ba3ce6ab8	chr11	116416620	117467657	3	2	1
2a2cad37-1da4-4b68-b16d-6d2ba3ce6ab8	chr11	117469210	117502717	2	1	1
2a2cad37-1da4-4b68-b16d-6d2ba3ce6ab8	chr11	117502920	135074876	3	2	1
2a2cad37-1da4-4b68-b16d-6d2ba3ce6ab8	chr12	51460	3003456	4	2	2
2a2cad37-1da4-4b68-b16d-6d2ba3ce6ab8	chr12	3003563	3476612	5	3	2
2a2cad37-1da4-4b68-b16d-6d2ba3ce6ab8	chr12	3480963	33242207	4	2	2
2a2cad37-1da4-4b68-b16d-6d2ba3ce6ab8	chr12	33242483	33254848	7	4	3
2a2cad37-1da4-4b68-b16d-6d2ba3ce6ab8	chr12	33255284	52486920	4	2	2
2a2cad37-1da4-4b68-b16d-6d2ba3ce6ab8	chr12	52490773	52534131	5	3	2
2a2cad37-1da4-4b68-b16d-6d2ba3ce6ab8	chr12	52534709	52546044	3	2	1
2a2cad37-1da4-4b68-b16d-6d2ba3ce6ab8	chr12	52546945	52664218	4	2	2
2a2cad37-1da4-4b68-b16d-6d2ba3ce6ab8	chr12	52664267	52676718	8	4	4
2a2cad37-1da4-4b68-b16d-6d2ba3ce6ab8	chr12	52676904	67596376	4	2	2
2a2cad37-1da4-4b68-b16d-6d2ba3ce6ab8	chr12	67597285	67609817	6	4	2
2a2cad37-1da4-4b68-b16d-6d2ba3ce6ab8	chr12	67610106	77451307	4	2	2
2a2cad37-1da4-4b68-b16d-6d2ba3ce6ab8	chr12	77454919	77852960	3	2	1
2a2cad37-1da4-4b68-b16d-6d2ba3ce6ab8	chr12	77853305	92289668	4	2	2
2a2cad37-1da4-4b68-b16d-6d2ba3ce6ab8	chr12	92290575	92394668	5	3	2
2a2cad37-1da4-4b68-b16d-6d2ba3ce6ab8	chr12	92394919	100844350	4	2	2
2a2cad37-1da4-4b68-b16d-6d2ba3ce6ab8	chr12	100844749	103049124	6	4	2
2a2cad37-1da4-4b68-b16d-6d2ba3ce6ab8	chr12	103053869	133201603	2	2	0
2a2cad37-1da4-4b68-b16d-6d2ba3ce6ab8	chr13	18452809	19764952	5	3	2
2a2cad37-1da4-4b68-b16d-6d2ba3ce6ab8	chr13	19769090	43182667	4	2	2
2a2cad37-1da4-4b68-b16d-6d2ba3ce6ab8	chr13	43186697	43202776	3	2	1
2a2cad37-1da4-4b68-b16d-6d2ba3ce6ab8	chr13	43202950	54662004	4	2	2
2a2cad37-1da4-4b68-b16d-6d2ba3ce6ab8	chr13	54662117	55238077	5	3	2
2a2cad37-1da4-4b68-b16d-6d2ba3ce6ab8	chr13	55238806	62072599	4	2	2
2a2cad37-1da4-4b68-b16d-6d2ba3ce6ab8	chr13	62074100	62321085	5	3	2
2a2cad37-1da4-4b68-b16d-6d2ba3ce6ab8	chr13	62321105	83167278	4	2	2
2a2cad37-1da4-4b68-b16d-6d2ba3ce6ab8	chr13	83167333	83183669	8	4	4
2a2cad37-1da4-4b68-b16d-6d2ba3ce6ab8	chr13	83184827	103325700	4	2	2
2a2cad37-1da4-4b68-b16d-6d2ba3ce6ab8	chr13	103325912	103985807	3	2	1
2a2cad37-1da4-4b68-b16d-6d2ba3ce6ab8	chr13	103988367	114342922	4	2	2
2a2cad37-1da4-4b68-b16d-6d2ba3ce6ab8	chr14	18239283	22143351	3	2	1
2a2cad37-1da4-4b68-b16d-6d2ba3ce6ab8	chr14	22143460	22144291	0	0	0
2a2cad37-1da4-4b68-b16d-6d2ba3ce6ab8	chr14	22144334	27207782	3	2	1
2a2cad37-1da4-4b68-b16d-6d2ba3ce6ab8	chr14	27208300	46843229	2	2	0
2a2cad37-1da4-4b68-b16d-6d2ba3ce6ab8	chr14	46847301	64420993	3	2	1
2a2cad37-1da4-4b68-b16d-6d2ba3ce6ab8	chr14	64421337	77972015	2	1	1
2a2cad37-1da4-4b68-b16d-6d2ba3ce6ab8	chr14	77976627	78030244	1	1	0
2a2cad37-1da4-4b68-b16d-6d2ba3ce6ab8	chr14	78031457	78886447	2	1	1
2a2cad37-1da4-4b68-b16d-6d2ba3ce6ab8	chr14	78886534	98278681	4	3	1
2a2cad37-1da4-4b68-b16d-6d2ba3ce6ab8	chr14	98279204	98285803	8	6	2
2a2cad37-1da4-4b68-b16d-6d2ba3ce6ab8	chr14	98287003	105733039	4	3	1
2a2cad37-1da4-4b68-b16d-6d2ba3ce6ab8	chr14	105752248	106462183	9	9	0
2a2cad37-1da4-4b68-b16d-6d2ba3ce6ab8	chr14	106462724	106877229	5	4	1
2a2cad37-1da4-4b68-b16d-6d2ba3ce6ab8	chr15	19811075	34610694	2	1	1
2a2cad37-1da4-4b68-b16d-6d2ba3ce6ab8	chr15	34611549	47157727	1	1	0
2a2cad37-1da4-4b68-b16d-6d2ba3ce6ab8	chr15	47158808	74329200	3	2	1
2a2cad37-1da4-4b68-b16d-6d2ba3ce6ab8	chr15	74330116	74514096	4	3	1
2a2cad37-1da4-4b68-b16d-6d2ba3ce6ab8	chr15	74516885	101928837	3	2	1
2a2cad37-1da4-4b68-b16d-6d2ba3ce6ab8	chr16	10777	6884453	2	2	0
2a2cad37-1da4-4b68-b16d-6d2ba3ce6ab8	chr16	6884939	20043712	3	3	0
2a2cad37-1da4-4b68-b16d-6d2ba3ce6ab8	chr16	20046475	36048855	2	2	0
2a2cad37-1da4-4b68-b16d-6d2ba3ce6ab8	chr16	46441986	48668627	3	3	0
2a2cad37-1da4-4b68-b16d-6d2ba3ce6ab8	chr16	48671631	90096867	2	2	0
2a2cad37-1da4-4b68-b16d-6d2ba3ce6ab8	chr17	150733	42462917	2	2	0
2a2cad37-1da4-4b68-b16d-6d2ba3ce6ab8	chr17	42466233	46939206	3	3	0
2a2cad37-1da4-4b68-b16d-6d2ba3ce6ab8	chr17	46940493	46966942	5	5	0
2a2cad37-1da4-4b68-b16d-6d2ba3ce6ab8	chr17	46967060	77168879	3	3	0
2a2cad37-1da4-4b68-b16d-6d2ba3ce6ab8	chr17	77171199	83091923	4	4	0
2a2cad37-1da4-4b68-b16d-6d2ba3ce6ab8	chr18	48133	31316077	3	2	1
2a2cad37-1da4-4b68-b16d-6d2ba3ce6ab8	chr18	31316408	31347544	1	1	0
2a2cad37-1da4-4b68-b16d-6d2ba3ce6ab8	chr18	31347917	48318517	3	2	1
2a2cad37-1da4-4b68-b16d-6d2ba3ce6ab8	chr18	48319727	48467539	4	2	2
2a2cad37-1da4-4b68-b16d-6d2ba3ce6ab8	chr18	48467592	70680493	3	2	1
2a2cad37-1da4-4b68-b16d-6d2ba3ce6ab8	chr18	70681680	70746131	1	1	0
2a2cad37-1da4-4b68-b16d-6d2ba3ce6ab8	chr18	70757107	80257174	3	2	1
2a2cad37-1da4-4b68-b16d-6d2ba3ce6ab8	chr19	90910	12661276	3	2	1
2a2cad37-1da4-4b68-b16d-6d2ba3ce6ab8	chr19	12664048	14583587	4	2	2
2a2cad37-1da4-4b68-b16d-6d2ba3ce6ab8	chr19	14584541	20351786	3	2	1
2a2cad37-1da4-4b68-b16d-6d2ba3ce6ab8	chr19	20354292	20371472	2	2	0
2a2cad37-1da4-4b68-b16d-6d2ba3ce6ab8	chr19	20372008	33786309	3	2	1
2a2cad37-1da4-4b68-b16d-6d2ba3ce6ab8	chr19	33786832	34548839	2	2	0
2a2cad37-1da4-4b68-b16d-6d2ba3ce6ab8	chr19	34549155	34581475	3	3	0
2a2cad37-1da4-4b68-b16d-6d2ba3ce6ab8	chr19	34583160	35895623	2	2	0
2a2cad37-1da4-4b68-b16d-6d2ba3ce6ab8	chr19	35896979	46193271	3	2	1
2a2cad37-1da4-4b68-b16d-6d2ba3ce6ab8	chr19	46193684	48502936	1	1	0
2a2cad37-1da4-4b68-b16d-6d2ba3ce6ab8	chr19	48505540	57905097	2	1	1
2a2cad37-1da4-4b68-b16d-6d2ba3ce6ab8	chr19	57910620	58586487	1	1	0
2a2cad37-1da4-4b68-b16d-6d2ba3ce6ab8	chr20	80664	1580353	4	2	2
2a2cad37-1da4-4b68-b16d-6d2ba3ce6ab8	chr20	1580934	1613247	33	33	0
2a2cad37-1da4-4b68-b16d-6d2ba3ce6ab8	chr20	1617300	4331506	4	2	2
2a2cad37-1da4-4b68-b16d-6d2ba3ce6ab8	chr20	4331894	4342648	2	1	1
2a2cad37-1da4-4b68-b16d-6d2ba3ce6ab8	chr20	4352780	8830879	4	2	2
2a2cad37-1da4-4b68-b16d-6d2ba3ce6ab8	chr20	8830993	8833926	7	4	3
2a2cad37-1da4-4b68-b16d-6d2ba3ce6ab8	chr20	8834933	11828011	4	2	2
2a2cad37-1da4-4b68-b16d-6d2ba3ce6ab8	chr20	11828232	11840376	2	1	1
2a2cad37-1da4-4b68-b16d-6d2ba3ce6ab8	chr20	11840934	39630306	4	2	2
2a2cad37-1da4-4b68-b16d-6d2ba3ce6ab8	chr20	39630901	39640790	7	4	3
2a2cad37-1da4-4b68-b16d-6d2ba3ce6ab8	chr20	39640891	45722292	4	2	2
2a2cad37-1da4-4b68-b16d-6d2ba3ce6ab8	chr20	45722876	46776530	5	3	2
2a2cad37-1da4-4b68-b16d-6d2ba3ce6ab8	chr20	46776545	53810937	4	2	2
2a2cad37-1da4-4b68-b16d-6d2ba3ce6ab8	chr20	53811681	64324800	3	2	1
2a2cad37-1da4-4b68-b16d-6d2ba3ce6ab8	chr21	12973348	39952095	2	2	0
2a2cad37-1da4-4b68-b16d-6d2ba3ce6ab8	chr21	39952176	46677045	4	4	0
2a2cad37-1da4-4b68-b16d-6d2ba3ce6ab8	chr22	16392123	34937892	2	2	0
2a2cad37-1da4-4b68-b16d-6d2ba3ce6ab8	chr22	34937913	34945492	1	1	0
2a2cad37-1da4-4b68-b16d-6d2ba3ce6ab8	chr22	34945988	50796027	2	2	0
2a2cad37-1da4-4b68-b16d-6d2ba3ce6ab8	chrX	251810	7615836	4	2	2
2a2cad37-1da4-4b68-b16d-6d2ba3ce6ab8	chrX	7616026	7869429	2	2	0
2a2cad37-1da4-4b68-b16d-6d2ba3ce6ab8	chrX	7869478	7872800	4	4	0
2a2cad37-1da4-4b68-b16d-6d2ba3ce6ab8	chrX	7872934	18956619	2	2	0
2a2cad37-1da4-4b68-b16d-6d2ba3ce6ab8	chrX	18961204	20375208	4	2	2
2a2cad37-1da4-4b68-b16d-6d2ba3ce6ab8	chrX	20375277	25116558	2	2	0
2a2cad37-1da4-4b68-b16d-6d2ba3ce6ab8	chrX	25116962	25266074	5	3	2
2a2cad37-1da4-4b68-b16d-6d2ba3ce6ab8	chrX	25270205	39338797	2	2	0
2a2cad37-1da4-4b68-b16d-6d2ba3ce6ab8	chrX	39339050	39374409	1	1	0
2a2cad37-1da4-4b68-b16d-6d2ba3ce6ab8	chrX	39374957	78123970	2	2	0
2a2cad37-1da4-4b68-b16d-6d2ba3ce6ab8	chrX	78124438	78526048	4	3	1
2a2cad37-1da4-4b68-b16d-6d2ba3ce6ab8	chrX	78527601	85619834	2	2	0
2a2cad37-1da4-4b68-b16d-6d2ba3ce6ab8	chrX	85620346	85634049	3	3	0
2a2cad37-1da4-4b68-b16d-6d2ba3ce6ab8	chrX	85634115	94340509	2	2	0
2a2cad37-1da4-4b68-b16d-6d2ba3ce6ab8	chrX	94340708	94347981	0	0	0
2a2cad37-1da4-4b68-b16d-6d2ba3ce6ab8	chrX	94348514	95141627	2	2	0
2a2cad37-1da4-4b68-b16d-6d2ba3ce6ab8	chrX	95141864	95158595	4	4	0
2a2cad37-1da4-4b68-b16d-6d2ba3ce6ab8	chrX	95159272	127491599	2	2	0
2a2cad37-1da4-4b68-b16d-6d2ba3ce6ab8	chrX	127494905	127629100	3	3	0
2a2cad37-1da4-4b68-b16d-6d2ba3ce6ab8	chrX	127629510	151025005	4	2	2
2a2cad37-1da4-4b68-b16d-6d2ba3ce6ab8	chrX	151025276	151029210	2	1	1
2a2cad37-1da4-4b68-b16d-6d2ba3ce6ab8	chrX	151029249	156004181	4	2	2
2a2cad37-1da4-4b68-b16d-6d2ba3ce6ab8	chrY	2782397	26653788	0	0	0
2a2cad37-1da4-4b68-b16d-6d2ba3ce6ab8	chrY	56872112	56872112	11	11	0
