GDC_Aliquot	Chromosome	Start	End	Copy_Number	Major_Copy_Number	Minor_Copy_Number
8a0d15e0-9f45-4ec6-a19d-d4aa0c3bbf28	chr1	62920	72849545	2	2	0
8a0d15e0-9f45-4ec6-a19d-d4aa0c3bbf28	chr1	72850233	73148843	3	3	0
8a0d15e0-9f45-4ec6-a19d-d4aa0c3bbf28	chr1	73150784	117481989	2	2	0
8a0d15e0-9f45-4ec6-a19d-d4aa0c3bbf28	chr1	117489535	118043611	8	6	2
8a0d15e0-9f45-4ec6-a19d-d4aa0c3bbf28	chr1	118049968	118838084	7	5	2
8a0d15e0-9f45-4ec6-a19d-d4aa0c3bbf28	chr1	118839491	119254587	6	4	2
8a0d15e0-9f45-4ec6-a19d-d4aa0c3bbf28	chr1	119257042	121705338	4	2	2
8a0d15e0-9f45-4ec6-a19d-d4aa0c3bbf28	chr1	143541857	148270914	3	2	1
8a0d15e0-9f45-4ec6-a19d-d4aa0c3bbf28	chr1	148288860	148322077	2	1	1
8a0d15e0-9f45-4ec6-a19d-d4aa0c3bbf28	chr1	148323093	248930189	3	2	1
8a0d15e0-9f45-4ec6-a19d-d4aa0c3bbf28	chr2	12784	75335418	2	1	1
8a0d15e0-9f45-4ec6-a19d-d4aa0c3bbf28	chr2	75335914	88834118	3	2	1
8a0d15e0-9f45-4ec6-a19d-d4aa0c3bbf28	chr2	88836539	89118119	6	6	0
8a0d15e0-9f45-4ec6-a19d-d4aa0c3bbf28	chr2	89119438	242147305	3	2	1
8a0d15e0-9f45-4ec6-a19d-d4aa0c3bbf28	chr3	20930	32194255	2	2	0
8a0d15e0-9f45-4ec6-a19d-d4aa0c3bbf28	chr3	32196572	32231006	3	3	0
8a0d15e0-9f45-4ec6-a19d-d4aa0c3bbf28	chr3	32231042	42449891	2	2	0
8a0d15e0-9f45-4ec6-a19d-d4aa0c3bbf28	chr3	42451036	63277838	1	1	0
8a0d15e0-9f45-4ec6-a19d-d4aa0c3bbf28	chr3	63279232	63287392	3	2	1
8a0d15e0-9f45-4ec6-a19d-d4aa0c3bbf28	chr3	63287598	64568981	1	1	0
8a0d15e0-9f45-4ec6-a19d-d4aa0c3bbf28	chr3	64572444	64600803	3	2	1
8a0d15e0-9f45-4ec6-a19d-d4aa0c3bbf28	chr3	64600984	85301508	1	1	0
8a0d15e0-9f45-4ec6-a19d-d4aa0c3bbf28	chr3	85308893	94266691	2	2	0
8a0d15e0-9f45-4ec6-a19d-d4aa0c3bbf28	chr3	94270610	95234111	3	2	1
8a0d15e0-9f45-4ec6-a19d-d4aa0c3bbf28	chr3	95240908	102107777	2	2	0
8a0d15e0-9f45-4ec6-a19d-d4aa0c3bbf28	chr3	102108710	110724168	3	2	1
8a0d15e0-9f45-4ec6-a19d-d4aa0c3bbf28	chr3	110724773	115858873	5	3	2
8a0d15e0-9f45-4ec6-a19d-d4aa0c3bbf28	chr3	115860564	116177403	6	3	3
8a0d15e0-9f45-4ec6-a19d-d4aa0c3bbf28	chr3	116177907	116826014	3	3	0
8a0d15e0-9f45-4ec6-a19d-d4aa0c3bbf28	chr3	116826538	117887069	2	2	0
8a0d15e0-9f45-4ec6-a19d-d4aa0c3bbf28	chr3	117887632	161752126	3	3	0
8a0d15e0-9f45-4ec6-a19d-d4aa0c3bbf28	chr3	161760927	168678553	4	4	0
8a0d15e0-9f45-4ec6-a19d-d4aa0c3bbf28	chr3	168683538	173444214	3	3	0
8a0d15e0-9f45-4ec6-a19d-d4aa0c3bbf28	chr3	173444687	180544706	6	3	3
8a0d15e0-9f45-4ec6-a19d-d4aa0c3bbf28	chr3	180546955	198169247	3	3	0
8a0d15e0-9f45-4ec6-a19d-d4aa0c3bbf28	chr4	68929	10207101	3	3	0
8a0d15e0-9f45-4ec6-a19d-d4aa0c3bbf28	chr4	10207154	10239089	1	1	0
8a0d15e0-9f45-4ec6-a19d-d4aa0c3bbf28	chr4	10242989	18920212	3	3	0
8a0d15e0-9f45-4ec6-a19d-d4aa0c3bbf28	chr4	18920855	18922334	2	2	0
8a0d15e0-9f45-4ec6-a19d-d4aa0c3bbf28	chr4	18923059	31420129	4	4	0
8a0d15e0-9f45-4ec6-a19d-d4aa0c3bbf28	chr4	31420542	34763973	2	2	0
8a0d15e0-9f45-4ec6-a19d-d4aa0c3bbf28	chr4	34764075	34974870	1	1	0
8a0d15e0-9f45-4ec6-a19d-d4aa0c3bbf28	chr4	34975119	107130343	2	2	0
8a0d15e0-9f45-4ec6-a19d-d4aa0c3bbf28	chr4	107144594	107155376	0	0	0
8a0d15e0-9f45-4ec6-a19d-d4aa0c3bbf28	chr4	107156277	151855222	2	2	0
8a0d15e0-9f45-4ec6-a19d-d4aa0c3bbf28	chr4	151856110	151871739	0	0	0
8a0d15e0-9f45-4ec6-a19d-d4aa0c3bbf28	chr4	151873644	190106768	2	2	0
8a0d15e0-9f45-4ec6-a19d-d4aa0c3bbf28	chr5	15532	22115481	4	2	2
8a0d15e0-9f45-4ec6-a19d-d4aa0c3bbf28	chr5	22117598	24927632	5	3	2
8a0d15e0-9f45-4ec6-a19d-d4aa0c3bbf28	chr5	24929756	35223602	3	2	1
8a0d15e0-9f45-4ec6-a19d-d4aa0c3bbf28	chr5	35224559	36048863	2	2	0
8a0d15e0-9f45-4ec6-a19d-d4aa0c3bbf28	chr5	36049946	50168472	3	2	1
8a0d15e0-9f45-4ec6-a19d-d4aa0c3bbf28	chr5	50174160	181363319	2	1	1
8a0d15e0-9f45-4ec6-a19d-d4aa0c3bbf28	chr6	149661	35448503	3	2	1
8a0d15e0-9f45-4ec6-a19d-d4aa0c3bbf28	chr6	35448531	37301811	2	2	0
8a0d15e0-9f45-4ec6-a19d-d4aa0c3bbf28	chr6	37302744	60355929	3	2	1
8a0d15e0-9f45-4ec6-a19d-d4aa0c3bbf28	chr6	60356762	63631675	6	5	1
8a0d15e0-9f45-4ec6-a19d-d4aa0c3bbf28	chr6	63633609	65088960	3	2	1
8a0d15e0-9f45-4ec6-a19d-d4aa0c3bbf28	chr6	65093904	69000433	2	1	1
8a0d15e0-9f45-4ec6-a19d-d4aa0c3bbf28	chr6	69000683	75666774	1	1	0
8a0d15e0-9f45-4ec6-a19d-d4aa0c3bbf28	chr6	75674957	78253172	2	1	1
8a0d15e0-9f45-4ec6-a19d-d4aa0c3bbf28	chr6	78259348	78325468	0	0	0
8a0d15e0-9f45-4ec6-a19d-d4aa0c3bbf28	chr6	78329517	90651798	1	1	0
8a0d15e0-9f45-4ec6-a19d-d4aa0c3bbf28	chr6	90652393	103148073	2	1	1
8a0d15e0-9f45-4ec6-a19d-d4aa0c3bbf28	chr6	103148769	132554007	1	1	0
8a0d15e0-9f45-4ec6-a19d-d4aa0c3bbf28	chr6	132556857	132565201	2	1	1
8a0d15e0-9f45-4ec6-a19d-d4aa0c3bbf28	chr6	132565393	144531431	1	1	0
8a0d15e0-9f45-4ec6-a19d-d4aa0c3bbf28	chr6	144532842	147620211	2	1	1
8a0d15e0-9f45-4ec6-a19d-d4aa0c3bbf28	chr6	147621100	147629929	3	2	1
8a0d15e0-9f45-4ec6-a19d-d4aa0c3bbf28	chr6	147632317	170741917	2	1	1
8a0d15e0-9f45-4ec6-a19d-d4aa0c3bbf28	chr7	43259	36402504	2	2	0
8a0d15e0-9f45-4ec6-a19d-d4aa0c3bbf28	chr7	36405532	46511954	3	2	1
8a0d15e0-9f45-4ec6-a19d-d4aa0c3bbf28	chr7	46513574	47088857	4	2	2
8a0d15e0-9f45-4ec6-a19d-d4aa0c3bbf28	chr7	47089037	47193040	3	2	1
8a0d15e0-9f45-4ec6-a19d-d4aa0c3bbf28	chr7	47193325	50202553	2	2	0
8a0d15e0-9f45-4ec6-a19d-d4aa0c3bbf28	chr7	50203892	87368378	3	2	1
8a0d15e0-9f45-4ec6-a19d-d4aa0c3bbf28	chr7	87370684	89480826	4	3	1
8a0d15e0-9f45-4ec6-a19d-d4aa0c3bbf28	chr7	89483230	90280080	3	2	1
8a0d15e0-9f45-4ec6-a19d-d4aa0c3bbf28	chr7	90280668	101323817	4	3	1
8a0d15e0-9f45-4ec6-a19d-d4aa0c3bbf28	chr7	101325082	101492117	5	3	2
8a0d15e0-9f45-4ec6-a19d-d4aa0c3bbf28	chr7	101494033	119767623	4	3	1
8a0d15e0-9f45-4ec6-a19d-d4aa0c3bbf28	chr7	119770391	133854194	3	2	1
8a0d15e0-9f45-4ec6-a19d-d4aa0c3bbf28	chr7	133856200	134236283	1	1	0
8a0d15e0-9f45-4ec6-a19d-d4aa0c3bbf28	chr7	134244722	159334314	3	2	1
8a0d15e0-9f45-4ec6-a19d-d4aa0c3bbf28	chr8	81254	2691396	2	1	1
8a0d15e0-9f45-4ec6-a19d-d4aa0c3bbf28	chr8	2691645	39989715	1	1	0
8a0d15e0-9f45-4ec6-a19d-d4aa0c3bbf28	chr8	39990442	41441076	2	1	1
8a0d15e0-9f45-4ec6-a19d-d4aa0c3bbf28	chr8	41444907	79330732	4	2	2
8a0d15e0-9f45-4ec6-a19d-d4aa0c3bbf28	chr8	79334005	79422284	3	2	1
8a0d15e0-9f45-4ec6-a19d-d4aa0c3bbf28	chr8	79427058	93593304	4	2	2
8a0d15e0-9f45-4ec6-a19d-d4aa0c3bbf28	chr8	93596097	104339770	3	2	1
8a0d15e0-9f45-4ec6-a19d-d4aa0c3bbf28	chr8	104350428	115072708	4	2	2
8a0d15e0-9f45-4ec6-a19d-d4aa0c3bbf28	chr8	115075195	115472967	3	2	1
8a0d15e0-9f45-4ec6-a19d-d4aa0c3bbf28	chr8	115473088	124566085	4	2	2
8a0d15e0-9f45-4ec6-a19d-d4aa0c3bbf28	chr8	124566260	137859349	3	2	1
8a0d15e0-9f45-4ec6-a19d-d4aa0c3bbf28	chr8	137860229	137870935	6	3	3
8a0d15e0-9f45-4ec6-a19d-d4aa0c3bbf28	chr8	137871229	145072769	4	2	2
8a0d15e0-9f45-4ec6-a19d-d4aa0c3bbf28	chr9	46587	37942823	1	1	0
8a0d15e0-9f45-4ec6-a19d-d4aa0c3bbf28	chr9	37944492	41741113	2	2	0
8a0d15e0-9f45-4ec6-a19d-d4aa0c3bbf28	chr9	60863881	68443427	3	3	0
8a0d15e0-9f45-4ec6-a19d-d4aa0c3bbf28	chr9	68443566	86673357	2	2	0
8a0d15e0-9f45-4ec6-a19d-d4aa0c3bbf28	chr9	86673425	86691223	1	1	0
8a0d15e0-9f45-4ec6-a19d-d4aa0c3bbf28	chr9	86691390	129421361	2	2	0
8a0d15e0-9f45-4ec6-a19d-d4aa0c3bbf28	chr9	129425988	129557017	1	1	0
8a0d15e0-9f45-4ec6-a19d-d4aa0c3bbf28	chr9	129559437	138200944	2	2	0
8a0d15e0-9f45-4ec6-a19d-d4aa0c3bbf28	chr10	45792	45817039	3	2	1
8a0d15e0-9f45-4ec6-a19d-d4aa0c3bbf28	chr10	45936113	46522571	5	3	2
8a0d15e0-9f45-4ec6-a19d-d4aa0c3bbf28	chr10	46525652	65546518	3	2	1
8a0d15e0-9f45-4ec6-a19d-d4aa0c3bbf28	chr10	65548165	65554688	0	0	0
8a0d15e0-9f45-4ec6-a19d-d4aa0c3bbf28	chr10	65563037	133654968	3	2	1
8a0d15e0-9f45-4ec6-a19d-d4aa0c3bbf28	chr11	198510	4946420	3	2	1
8a0d15e0-9f45-4ec6-a19d-d4aa0c3bbf28	chr11	4947280	4954475	0	0	0
8a0d15e0-9f45-4ec6-a19d-d4aa0c3bbf28	chr11	4955027	44934117	3	2	1
8a0d15e0-9f45-4ec6-a19d-d4aa0c3bbf28	chr11	44934627	48822872	4	2	2
8a0d15e0-9f45-4ec6-a19d-d4aa0c3bbf28	chr11	48822906	49144052	4	3	1
8a0d15e0-9f45-4ec6-a19d-d4aa0c3bbf28	chr11	49144118	49480998	5	3	2
8a0d15e0-9f45-4ec6-a19d-d4aa0c3bbf28	chr11	49481572	49896866	3	2	1
8a0d15e0-9f45-4ec6-a19d-d4aa0c3bbf28	chr11	49898230	55060586	4	2	2
8a0d15e0-9f45-4ec6-a19d-d4aa0c3bbf28	chr11	55065632	55400498	7	5	2
8a0d15e0-9f45-4ec6-a19d-d4aa0c3bbf28	chr11	55402924	55844351	6	3	3
8a0d15e0-9f45-4ec6-a19d-d4aa0c3bbf28	chr11	55853172	56566959	3	2	1
8a0d15e0-9f45-4ec6-a19d-d4aa0c3bbf28	chr11	56566981	67780672	2	2	0
8a0d15e0-9f45-4ec6-a19d-d4aa0c3bbf28	chr11	67781620	69510313	3	2	1
8a0d15e0-9f45-4ec6-a19d-d4aa0c3bbf28	chr11	69510343	69534101	5	3	2
8a0d15e0-9f45-4ec6-a19d-d4aa0c3bbf28	chr11	69536953	95402991	3	2	1
8a0d15e0-9f45-4ec6-a19d-d4aa0c3bbf28	chr11	95405030	96926962	2	2	0
8a0d15e0-9f45-4ec6-a19d-d4aa0c3bbf28	chr11	96927130	98371665	3	2	1
8a0d15e0-9f45-4ec6-a19d-d4aa0c3bbf28	chr11	98372503	135074876	2	2	0
8a0d15e0-9f45-4ec6-a19d-d4aa0c3bbf28	chr12	51460	9477960	6	4	2
8a0d15e0-9f45-4ec6-a19d-d4aa0c3bbf28	chr12	9481274	9582374	0	0	0
8a0d15e0-9f45-4ec6-a19d-d4aa0c3bbf28	chr12	9583090	23182098	6	4	2
8a0d15e0-9f45-4ec6-a19d-d4aa0c3bbf28	chr12	23187487	23720599	7	5	2
8a0d15e0-9f45-4ec6-a19d-d4aa0c3bbf28	chr12	23720860	25074783	6	4	2
8a0d15e0-9f45-4ec6-a19d-d4aa0c3bbf28	chr12	25075218	30577105	5	3	2
8a0d15e0-9f45-4ec6-a19d-d4aa0c3bbf28	chr12	30577411	32680414	4	2	2
8a0d15e0-9f45-4ec6-a19d-d4aa0c3bbf28	chr12	32681210	33092262	5	3	2
8a0d15e0-9f45-4ec6-a19d-d4aa0c3bbf28	chr12	33092379	33189643	3	2	1
8a0d15e0-9f45-4ec6-a19d-d4aa0c3bbf28	chr12	33189790	33921922	5	3	2
8a0d15e0-9f45-4ec6-a19d-d4aa0c3bbf28	chr12	33925640	34301198	3	2	1
8a0d15e0-9f45-4ec6-a19d-d4aa0c3bbf28	chr12	34302636	34425363	6	4	2
8a0d15e0-9f45-4ec6-a19d-d4aa0c3bbf28	chr12	34446392	34701563	4	3	1
8a0d15e0-9f45-4ec6-a19d-d4aa0c3bbf28	chr12	37463949	43612517	2	2	0
8a0d15e0-9f45-4ec6-a19d-d4aa0c3bbf28	chr12	43613081	55502028	3	3	0
8a0d15e0-9f45-4ec6-a19d-d4aa0c3bbf28	chr12	55502737	55525207	2	2	0
8a0d15e0-9f45-4ec6-a19d-d4aa0c3bbf28	chr12	55526489	106496519	3	3	0
8a0d15e0-9f45-4ec6-a19d-d4aa0c3bbf28	chr12	106497632	133201603	2	2	0
8a0d15e0-9f45-4ec6-a19d-d4aa0c3bbf28	chr13	18452809	114342922	2	2	0
8a0d15e0-9f45-4ec6-a19d-d4aa0c3bbf28	chr14	18239283	22509594	9	8	1
8a0d15e0-9f45-4ec6-a19d-d4aa0c3bbf28	chr14	22509777	23957515	8	7	1
8a0d15e0-9f45-4ec6-a19d-d4aa0c3bbf28	chr14	23975620	27426428	3	2	1
8a0d15e0-9f45-4ec6-a19d-d4aa0c3bbf28	chr14	27426664	106877229	2	1	1
8a0d15e0-9f45-4ec6-a19d-d4aa0c3bbf28	chr15	19811075	51460659	2	2	0
8a0d15e0-9f45-4ec6-a19d-d4aa0c3bbf28	chr15	51470934	55179902	5	3	2
8a0d15e0-9f45-4ec6-a19d-d4aa0c3bbf28	chr15	55182507	86371516	2	2	0
8a0d15e0-9f45-4ec6-a19d-d4aa0c3bbf28	chr15	86371858	101928837	3	2	1
8a0d15e0-9f45-4ec6-a19d-d4aa0c3bbf28	chr16	10777	36048855	3	2	1
8a0d15e0-9f45-4ec6-a19d-d4aa0c3bbf28	chr16	46441986	49908465	4	2	2
8a0d15e0-9f45-4ec6-a19d-d4aa0c3bbf28	chr16	49908523	60185290	3	2	1
8a0d15e0-9f45-4ec6-a19d-d4aa0c3bbf28	chr16	60186102	60483646	4	2	2
8a0d15e0-9f45-4ec6-a19d-d4aa0c3bbf28	chr16	60485398	80365658	3	2	1
8a0d15e0-9f45-4ec6-a19d-d4aa0c3bbf28	chr16	80365763	81435485	2	1	1
8a0d15e0-9f45-4ec6-a19d-d4aa0c3bbf28	chr16	81440022	90096867	1	1	0
8a0d15e0-9f45-4ec6-a19d-d4aa0c3bbf28	chr17	150733	83091923	2	2	0
8a0d15e0-9f45-4ec6-a19d-d4aa0c3bbf28	chr18	48133	15402409	3	2	1
8a0d15e0-9f45-4ec6-a19d-d4aa0c3bbf28	chr18	20949392	24425932	2	2	0
8a0d15e0-9f45-4ec6-a19d-d4aa0c3bbf28	chr18	24425948	25639885	4	4	0
8a0d15e0-9f45-4ec6-a19d-d4aa0c3bbf28	chr18	25640150	26301597	3	3	0
8a0d15e0-9f45-4ec6-a19d-d4aa0c3bbf28	chr18	26308931	80257174	1	1	0
8a0d15e0-9f45-4ec6-a19d-d4aa0c3bbf28	chr19	90910	12870716	2	2	0
8a0d15e0-9f45-4ec6-a19d-d4aa0c3bbf28	chr19	12871984	16702014	3	2	1
8a0d15e0-9f45-4ec6-a19d-d4aa0c3bbf28	chr19	16702881	19538939	5	3	2
8a0d15e0-9f45-4ec6-a19d-d4aa0c3bbf28	chr19	19546334	20383744	3	2	1
8a0d15e0-9f45-4ec6-a19d-d4aa0c3bbf28	chr19	20383747	23195797	4	2	2
8a0d15e0-9f45-4ec6-a19d-d4aa0c3bbf28	chr19	23200022	27469081	6	4	2
8a0d15e0-9f45-4ec6-a19d-d4aa0c3bbf28	chr19	27469098	28932903	5	3	2
8a0d15e0-9f45-4ec6-a19d-d4aa0c3bbf28	chr19	28933107	30851863	6	4	2
8a0d15e0-9f45-4ec6-a19d-d4aa0c3bbf28	chr19	30852005	32214070	4	2	2
8a0d15e0-9f45-4ec6-a19d-d4aa0c3bbf28	chr19	32216632	32531549	6	4	2
8a0d15e0-9f45-4ec6-a19d-d4aa0c3bbf28	chr19	32533984	33916842	8	6	2
8a0d15e0-9f45-4ec6-a19d-d4aa0c3bbf28	chr19	33923460	34707982	6	4	2
8a0d15e0-9f45-4ec6-a19d-d4aa0c3bbf28	chr19	34708003	35507324	6	5	1
8a0d15e0-9f45-4ec6-a19d-d4aa0c3bbf28	chr19	35512434	37332941	5	3	2
8a0d15e0-9f45-4ec6-a19d-d4aa0c3bbf28	chr19	37338535	38116196	2	2	0
8a0d15e0-9f45-4ec6-a19d-d4aa0c3bbf28	chr19	38123072	41987384	4	2	2
8a0d15e0-9f45-4ec6-a19d-d4aa0c3bbf28	chr19	42001892	43133077	2	2	0
8a0d15e0-9f45-4ec6-a19d-d4aa0c3bbf28	chr19	43134115	43288527	0	0	0
8a0d15e0-9f45-4ec6-a19d-d4aa0c3bbf28	chr19	43290001	58586487	2	2	0
8a0d15e0-9f45-4ec6-a19d-d4aa0c3bbf28	chr20	80664	64324800	4	2	2
8a0d15e0-9f45-4ec6-a19d-d4aa0c3bbf28	chr21	12973348	16299938	1	1	0
8a0d15e0-9f45-4ec6-a19d-d4aa0c3bbf28	chr21	16311910	32017073	2	2	0
8a0d15e0-9f45-4ec6-a19d-d4aa0c3bbf28	chr21	32022510	32077909	1	1	0
8a0d15e0-9f45-4ec6-a19d-d4aa0c3bbf28	chr21	32077973	46677045	2	2	0
8a0d15e0-9f45-4ec6-a19d-d4aa0c3bbf28	chr22	16392123	23420962	2	2	0
8a0d15e0-9f45-4ec6-a19d-d4aa0c3bbf28	chr22	23422562	23492702	1	1	0
8a0d15e0-9f45-4ec6-a19d-d4aa0c3bbf28	chr22	23492852	50796027	2	2	0
8a0d15e0-9f45-4ec6-a19d-d4aa0c3bbf28	chrX	251810	34024137	1	1	0
8a0d15e0-9f45-4ec6-a19d-d4aa0c3bbf28	chrX	34026256	34052170	0	0	0
8a0d15e0-9f45-4ec6-a19d-d4aa0c3bbf28	chrX	34055308	95141864	1	1	0
8a0d15e0-9f45-4ec6-a19d-d4aa0c3bbf28	chrX	95142019	95159272	2	2	0
8a0d15e0-9f45-4ec6-a19d-d4aa0c3bbf28	chrX	95160023	156004181	1	1	0
8a0d15e0-9f45-4ec6-a19d-d4aa0c3bbf28	chrY	2782397	26653788	0	0	0
8a0d15e0-9f45-4ec6-a19d-d4aa0c3bbf28	chrY	56872112	56872112	5	5	0
