GDC_Aliquot	Chromosome	Start	End	Copy_Number	Major_Copy_Number	Minor_Copy_Number
d204c18a-05e0-46d3-a340-51ba48ea31a7	chr1	62920	24419214	3	2	1
d204c18a-05e0-46d3-a340-51ba48ea31a7	chr1	24419715	30543717	4	2	2
d204c18a-05e0-46d3-a340-51ba48ea31a7	chr1	30544154	30988454	5	3	2
d204c18a-05e0-46d3-a340-51ba48ea31a7	chr1	30988591	59391136	4	2	2
d204c18a-05e0-46d3-a340-51ba48ea31a7	chr1	59394584	59719665	3	2	1
d204c18a-05e0-46d3-a340-51ba48ea31a7	chr1	59719701	188702301	4	2	2
d204c18a-05e0-46d3-a340-51ba48ea31a7	chr1	188702975	188715487	7	4	3
d204c18a-05e0-46d3-a340-51ba48ea31a7	chr1	188721753	189143053	5	3	2
d204c18a-05e0-46d3-a340-51ba48ea31a7	chr1	189150554	210435736	4	2	2
d204c18a-05e0-46d3-a340-51ba48ea31a7	chr1	210436070	210524740	1	1	0
d204c18a-05e0-46d3-a340-51ba48ea31a7	chr1	210525375	210979354	2	2	0
d204c18a-05e0-46d3-a340-51ba48ea31a7	chr1	210980017	211089492	1	1	0
d204c18a-05e0-46d3-a340-51ba48ea31a7	chr1	211099434	248930189	4	2	2
d204c18a-05e0-46d3-a340-51ba48ea31a7	chr2	12784	70706763	3	2	1
d204c18a-05e0-46d3-a340-51ba48ea31a7	chr2	70707609	71044262	2	1	1
d204c18a-05e0-46d3-a340-51ba48ea31a7	chr2	71046337	73896809	3	2	1
d204c18a-05e0-46d3-a340-51ba48ea31a7	chr2	73897933	73912135	2	1	1
d204c18a-05e0-46d3-a340-51ba48ea31a7	chr2	73912502	88737169	3	2	1
d204c18a-05e0-46d3-a340-51ba48ea31a7	chr2	88740279	100584986	4	2	2
d204c18a-05e0-46d3-a340-51ba48ea31a7	chr2	100585207	127324545	3	2	1
d204c18a-05e0-46d3-a340-51ba48ea31a7	chr2	127324656	128162733	4	3	1
d204c18a-05e0-46d3-a340-51ba48ea31a7	chr2	128163167	141829723	3	2	1
d204c18a-05e0-46d3-a340-51ba48ea31a7	chr2	141839578	141931524	2	2	0
d204c18a-05e0-46d3-a340-51ba48ea31a7	chr2	141935039	242147305	3	2	1
d204c18a-05e0-46d3-a340-51ba48ea31a7	chr3	20930	9028234	3	2	1
d204c18a-05e0-46d3-a340-51ba48ea31a7	chr3	9028811	9190678	2	1	1
d204c18a-05e0-46d3-a340-51ba48ea31a7	chr3	9193079	15665636	3	2	1
d204c18a-05e0-46d3-a340-51ba48ea31a7	chr3	15669080	16701233	4	2	2
d204c18a-05e0-46d3-a340-51ba48ea31a7	chr3	16702778	63282407	3	2	1
d204c18a-05e0-46d3-a340-51ba48ea31a7	chr3	63282577	63287392	6	4	2
d204c18a-05e0-46d3-a340-51ba48ea31a7	chr3	63287598	70824048	3	2	1
d204c18a-05e0-46d3-a340-51ba48ea31a7	chr3	70824127	71692406	2	1	1
d204c18a-05e0-46d3-a340-51ba48ea31a7	chr3	71693456	72505412	4	3	1
d204c18a-05e0-46d3-a340-51ba48ea31a7	chr3	72509848	89471859	3	2	1
d204c18a-05e0-46d3-a340-51ba48ea31a7	chr3	89471981	172859291	4	3	1
d204c18a-05e0-46d3-a340-51ba48ea31a7	chr3	172860049	178714107	5	4	1
d204c18a-05e0-46d3-a340-51ba48ea31a7	chr3	178714270	188181214	4	3	1
d204c18a-05e0-46d3-a340-51ba48ea31a7	chr3	188183464	193734213	5	4	1
d204c18a-05e0-46d3-a340-51ba48ea31a7	chr3	193735944	198169247	4	3	1
d204c18a-05e0-46d3-a340-51ba48ea31a7	chr4	68929	8704538	3	2	1
d204c18a-05e0-46d3-a340-51ba48ea31a7	chr4	8705301	9572447	7	4	3
d204c18a-05e0-46d3-a340-51ba48ea31a7	chr4	9575821	20927990	3	2	1
d204c18a-05e0-46d3-a340-51ba48ea31a7	chr4	20929062	21169924	2	1	1
d204c18a-05e0-46d3-a340-51ba48ea31a7	chr4	21170462	21491844	1	1	0
d204c18a-05e0-46d3-a340-51ba48ea31a7	chr4	21491952	21767858	2	1	1
d204c18a-05e0-46d3-a340-51ba48ea31a7	chr4	21768214	77272760	3	2	1
d204c18a-05e0-46d3-a340-51ba48ea31a7	chr4	77272842	77312818	4	2	2
d204c18a-05e0-46d3-a340-51ba48ea31a7	chr4	77313126	152761857	3	2	1
d204c18a-05e0-46d3-a340-51ba48ea31a7	chr4	152762394	153295558	4	2	2
d204c18a-05e0-46d3-a340-51ba48ea31a7	chr4	153295862	190106768	3	2	1
d204c18a-05e0-46d3-a340-51ba48ea31a7	chr5	15532	35779331	3	2	1
d204c18a-05e0-46d3-a340-51ba48ea31a7	chr5	35779345	36301475	4	2	2
d204c18a-05e0-46d3-a340-51ba48ea31a7	chr5	36302076	61259437	3	2	1
d204c18a-05e0-46d3-a340-51ba48ea31a7	chr5	61260095	61277320	5	3	2
d204c18a-05e0-46d3-a340-51ba48ea31a7	chr5	61277660	76699565	3	2	1
d204c18a-05e0-46d3-a340-51ba48ea31a7	chr5	76700226	77604381	4	3	1
d204c18a-05e0-46d3-a340-51ba48ea31a7	chr5	77608147	140396168	3	2	1
d204c18a-05e0-46d3-a340-51ba48ea31a7	chr5	140396254	140785362	4	3	1
d204c18a-05e0-46d3-a340-51ba48ea31a7	chr5	140785474	181363319	3	2	1
d204c18a-05e0-46d3-a340-51ba48ea31a7	chr6	149661	1988690	4	2	2
d204c18a-05e0-46d3-a340-51ba48ea31a7	chr6	1989370	2362508	4	3	1
d204c18a-05e0-46d3-a340-51ba48ea31a7	chr6	2363458	17053680	4	2	2
d204c18a-05e0-46d3-a340-51ba48ea31a7	chr6	17054009	17734632	5	3	2
d204c18a-05e0-46d3-a340-51ba48ea31a7	chr6	17737080	31478769	4	2	2
d204c18a-05e0-46d3-a340-51ba48ea31a7	chr6	31478933	31512495	8	5	3
d204c18a-05e0-46d3-a340-51ba48ea31a7	chr6	31513336	42479394	4	2	2
d204c18a-05e0-46d3-a340-51ba48ea31a7	chr6	42482654	43024470	6	4	2
d204c18a-05e0-46d3-a340-51ba48ea31a7	chr6	43024791	63884609	5	3	2
d204c18a-05e0-46d3-a340-51ba48ea31a7	chr6	63884958	73031348	3	2	1
d204c18a-05e0-46d3-a340-51ba48ea31a7	chr6	73031803	90440893	2	1	1
d204c18a-05e0-46d3-a340-51ba48ea31a7	chr6	90441374	90456607	1	1	0
d204c18a-05e0-46d3-a340-51ba48ea31a7	chr6	90458818	103286954	2	1	1
d204c18a-05e0-46d3-a340-51ba48ea31a7	chr6	103290101	103314186	6	6	0
d204c18a-05e0-46d3-a340-51ba48ea31a7	chr6	103317795	158528459	2	1	1
d204c18a-05e0-46d3-a340-51ba48ea31a7	chr6	158529900	161540121	5	4	1
d204c18a-05e0-46d3-a340-51ba48ea31a7	chr6	161542383	161747474	4	3	1
d204c18a-05e0-46d3-a340-51ba48ea31a7	chr6	161747804	165266357	5	4	1
d204c18a-05e0-46d3-a340-51ba48ea31a7	chr6	165267699	170741917	4	3	1
d204c18a-05e0-46d3-a340-51ba48ea31a7	chr7	43259	10720032	3	2	1
d204c18a-05e0-46d3-a340-51ba48ea31a7	chr7	10720390	10875743	2	1	1
d204c18a-05e0-46d3-a340-51ba48ea31a7	chr7	10875821	47100028	3	2	1
d204c18a-05e0-46d3-a340-51ba48ea31a7	chr7	47101741	47115758	2	1	1
d204c18a-05e0-46d3-a340-51ba48ea31a7	chr7	47116135	57960264	3	2	1
d204c18a-05e0-46d3-a340-51ba48ea31a7	chr7	57960277	68451735	4	3	1
d204c18a-05e0-46d3-a340-51ba48ea31a7	chr7	68456959	118247827	3	3	0
d204c18a-05e0-46d3-a340-51ba48ea31a7	chr7	118251697	118369252	4	4	0
d204c18a-05e0-46d3-a340-51ba48ea31a7	chr7	118369434	151647365	3	3	0
d204c18a-05e0-46d3-a340-51ba48ea31a7	chr7	151649304	151706003	2	2	0
d204c18a-05e0-46d3-a340-51ba48ea31a7	chr7	151706043	159334314	3	3	0
d204c18a-05e0-46d3-a340-51ba48ea31a7	chr8	81254	3284320	2	2	0
d204c18a-05e0-46d3-a340-51ba48ea31a7	chr8	3285425	40203407	3	2	1
d204c18a-05e0-46d3-a340-51ba48ea31a7	chr8	40203799	40214641	5	3	2
d204c18a-05e0-46d3-a340-51ba48ea31a7	chr8	40215041	72098312	3	2	1
d204c18a-05e0-46d3-a340-51ba48ea31a7	chr8	72098995	72146531	2	1	1
d204c18a-05e0-46d3-a340-51ba48ea31a7	chr8	72146665	72154110	5	3	2
d204c18a-05e0-46d3-a340-51ba48ea31a7	chr8	72154479	74121272	3	2	1
d204c18a-05e0-46d3-a340-51ba48ea31a7	chr8	74121613	74136401	5	3	2
d204c18a-05e0-46d3-a340-51ba48ea31a7	chr8	74141062	97082090	3	2	1
d204c18a-05e0-46d3-a340-51ba48ea31a7	chr8	97083763	97851648	4	3	1
d204c18a-05e0-46d3-a340-51ba48ea31a7	chr8	97851702	104574386	3	2	1
d204c18a-05e0-46d3-a340-51ba48ea31a7	chr8	104576569	141327343	4	3	1
d204c18a-05e0-46d3-a340-51ba48ea31a7	chr8	141327635	141364983	6	3	3
d204c18a-05e0-46d3-a340-51ba48ea31a7	chr8	141371052	145072769	4	3	1
d204c18a-05e0-46d3-a340-51ba48ea31a7	chr9	46587	89697547	2	2	0
d204c18a-05e0-46d3-a340-51ba48ea31a7	chr9	89699082	89699859	4	4	0
d204c18a-05e0-46d3-a340-51ba48ea31a7	chr9	89700867	109757434	2	2	0
d204c18a-05e0-46d3-a340-51ba48ea31a7	chr9	109757701	109759283	4	4	0
d204c18a-05e0-46d3-a340-51ba48ea31a7	chr9	109759995	114901604	2	2	0
d204c18a-05e0-46d3-a340-51ba48ea31a7	chr9	114902907	114907534	3	3	0
d204c18a-05e0-46d3-a340-51ba48ea31a7	chr9	114908384	138200944	2	2	0
d204c18a-05e0-46d3-a340-51ba48ea31a7	chr10	45792	69691684	3	2	1
d204c18a-05e0-46d3-a340-51ba48ea31a7	chr10	69692529	69710969	4	2	2
d204c18a-05e0-46d3-a340-51ba48ea31a7	chr10	69714737	85154098	3	2	1
d204c18a-05e0-46d3-a340-51ba48ea31a7	chr10	85154205	89809739	2	1	1
d204c18a-05e0-46d3-a340-51ba48ea31a7	chr10	89809930	133654968	3	2	1
d204c18a-05e0-46d3-a340-51ba48ea31a7	chr11	198510	29176837	2	1	1
d204c18a-05e0-46d3-a340-51ba48ea31a7	chr11	29184329	30386954	3	2	1
d204c18a-05e0-46d3-a340-51ba48ea31a7	chr11	30390567	32328710	2	1	1
d204c18a-05e0-46d3-a340-51ba48ea31a7	chr11	32328805	33953963	3	2	1
d204c18a-05e0-46d3-a340-51ba48ea31a7	chr11	33957646	34573676	7	6	1
d204c18a-05e0-46d3-a340-51ba48ea31a7	chr11	34574061	35939773	6	5	1
d204c18a-05e0-46d3-a340-51ba48ea31a7	chr11	35940699	65448551	3	2	1
d204c18a-05e0-46d3-a340-51ba48ea31a7	chr11	65452796	66076244	4	3	1
d204c18a-05e0-46d3-a340-51ba48ea31a7	chr11	66076307	86446956	3	2	1
d204c18a-05e0-46d3-a340-51ba48ea31a7	chr11	86449098	86464036	1	1	0
d204c18a-05e0-46d3-a340-51ba48ea31a7	chr11	86466013	135074876	3	2	1
d204c18a-05e0-46d3-a340-51ba48ea31a7	chr12	51460	40722594	3	2	1
d204c18a-05e0-46d3-a340-51ba48ea31a7	chr12	40723801	43646265	4	2	2
d204c18a-05e0-46d3-a340-51ba48ea31a7	chr12	43646347	47184217	5	3	2
d204c18a-05e0-46d3-a340-51ba48ea31a7	chr12	47185006	49320442	4	2	2
d204c18a-05e0-46d3-a340-51ba48ea31a7	chr12	49333910	52327452	3	2	1
d204c18a-05e0-46d3-a340-51ba48ea31a7	chr12	52330306	52526630	5	3	2
d204c18a-05e0-46d3-a340-51ba48ea31a7	chr12	52527431	52534131	7	4	3
d204c18a-05e0-46d3-a340-51ba48ea31a7	chr12	52534709	52546044	3	2	1
d204c18a-05e0-46d3-a340-51ba48ea31a7	chr12	52546945	52875908	5	3	2
d204c18a-05e0-46d3-a340-51ba48ea31a7	chr12	52876940	89110270	4	2	2
d204c18a-05e0-46d3-a340-51ba48ea31a7	chr12	89112238	103873365	3	2	1
d204c18a-05e0-46d3-a340-51ba48ea31a7	chr12	103873566	103883794	5	3	2
d204c18a-05e0-46d3-a340-51ba48ea31a7	chr12	103884750	103893634	2	1	1
d204c18a-05e0-46d3-a340-51ba48ea31a7	chr12	103894928	133201603	3	2	1
d204c18a-05e0-46d3-a340-51ba48ea31a7	chr13	18452809	93398673	2	2	0
d204c18a-05e0-46d3-a340-51ba48ea31a7	chr13	93398861	93428895	1	1	0
d204c18a-05e0-46d3-a340-51ba48ea31a7	chr13	93433556	114342922	2	2	0
d204c18a-05e0-46d3-a340-51ba48ea31a7	chr14	18239283	22139542	2	2	0
d204c18a-05e0-46d3-a340-51ba48ea31a7	chr14	22143351	22144291	0	0	0
d204c18a-05e0-46d3-a340-51ba48ea31a7	chr14	22144334	38874878	2	2	0
d204c18a-05e0-46d3-a340-51ba48ea31a7	chr14	38879199	38970902	1	1	0
d204c18a-05e0-46d3-a340-51ba48ea31a7	chr14	38971083	39859368	3	3	0
d204c18a-05e0-46d3-a340-51ba48ea31a7	chr14	39861380	72783098	2	2	0
d204c18a-05e0-46d3-a340-51ba48ea31a7	chr14	72785945	73021883	3	3	0
d204c18a-05e0-46d3-a340-51ba48ea31a7	chr14	73022560	73346952	4	4	0
d204c18a-05e0-46d3-a340-51ba48ea31a7	chr14	73347557	102752481	2	2	0
d204c18a-05e0-46d3-a340-51ba48ea31a7	chr14	102752728	104364678	3	3	0
d204c18a-05e0-46d3-a340-51ba48ea31a7	chr14	104371854	106877229	2	2	0
d204c18a-05e0-46d3-a340-51ba48ea31a7	chr15	19811075	45655421	2	1	1
d204c18a-05e0-46d3-a340-51ba48ea31a7	chr15	45656186	45659273	1	1	0
d204c18a-05e0-46d3-a340-51ba48ea31a7	chr15	45660264	101928837	2	1	1
d204c18a-05e0-46d3-a340-51ba48ea31a7	chr16	10777	3128096	3	2	1
d204c18a-05e0-46d3-a340-51ba48ea31a7	chr16	3128898	3397595	2	1	1
d204c18a-05e0-46d3-a340-51ba48ea31a7	chr16	3399479	19235202	3	2	1
d204c18a-05e0-46d3-a340-51ba48ea31a7	chr16	19236475	20053055	4	3	1
d204c18a-05e0-46d3-a340-51ba48ea31a7	chr16	20053173	28996086	3	2	1
d204c18a-05e0-46d3-a340-51ba48ea31a7	chr16	29005207	36048855	4	2	2
d204c18a-05e0-46d3-a340-51ba48ea31a7	chr16	46441986	60945705	2	2	0
d204c18a-05e0-46d3-a340-51ba48ea31a7	chr16	60945907	63899316	1	1	0
d204c18a-05e0-46d3-a340-51ba48ea31a7	chr16	63909886	90096867	2	2	0
d204c18a-05e0-46d3-a340-51ba48ea31a7	chr17	150733	797758	2	2	0
d204c18a-05e0-46d3-a340-51ba48ea31a7	chr17	801817	928281	3	3	0
d204c18a-05e0-46d3-a340-51ba48ea31a7	chr17	928427	9903632	2	2	0
d204c18a-05e0-46d3-a340-51ba48ea31a7	chr17	9903763	9916380	1	1	0
d204c18a-05e0-46d3-a340-51ba48ea31a7	chr17	9916961	38937276	2	2	0
d204c18a-05e0-46d3-a340-51ba48ea31a7	chr17	38940082	39692350	4	4	0
d204c18a-05e0-46d3-a340-51ba48ea31a7	chr17	39694457	46085732	3	3	0
d204c18a-05e0-46d3-a340-51ba48ea31a7	chr17	46088437	46275506	7	7	0
d204c18a-05e0-46d3-a340-51ba48ea31a7	chr17	46276519	49899676	3	3	0
d204c18a-05e0-46d3-a340-51ba48ea31a7	chr17	49901622	50502091	5	5	0
d204c18a-05e0-46d3-a340-51ba48ea31a7	chr17	50502588	55656592	4	4	0
d204c18a-05e0-46d3-a340-51ba48ea31a7	chr17	55656663	55661890	6	6	0
d204c18a-05e0-46d3-a340-51ba48ea31a7	chr17	55663336	56555568	4	4	0
d204c18a-05e0-46d3-a340-51ba48ea31a7	chr17	56557407	57049617	6	6	0
d204c18a-05e0-46d3-a340-51ba48ea31a7	chr17	57051187	75074693	4	4	0
d204c18a-05e0-46d3-a340-51ba48ea31a7	chr17	75082406	76224785	5	5	0
d204c18a-05e0-46d3-a340-51ba48ea31a7	chr17	76230293	83091923	4	4	0
d204c18a-05e0-46d3-a340-51ba48ea31a7	chr18	48133	30998878	3	2	1
d204c18a-05e0-46d3-a340-51ba48ea31a7	chr18	31000445	40680516	2	1	1
d204c18a-05e0-46d3-a340-51ba48ea31a7	chr18	40680526	40689848	0	0	0
d204c18a-05e0-46d3-a340-51ba48ea31a7	chr18	40690108	47084132	2	1	1
d204c18a-05e0-46d3-a340-51ba48ea31a7	chr18	47084155	47692312	3	2	1
d204c18a-05e0-46d3-a340-51ba48ea31a7	chr18	47696239	47950056	5	4	1
d204c18a-05e0-46d3-a340-51ba48ea31a7	chr18	47952468	50027125	3	2	1
d204c18a-05e0-46d3-a340-51ba48ea31a7	chr18	50027983	50269259	2	1	1
d204c18a-05e0-46d3-a340-51ba48ea31a7	chr18	50273809	69132419	3	2	1
d204c18a-05e0-46d3-a340-51ba48ea31a7	chr18	69134359	71871946	2	1	1
d204c18a-05e0-46d3-a340-51ba48ea31a7	chr18	71872032	78388414	3	2	1
d204c18a-05e0-46d3-a340-51ba48ea31a7	chr18	78388723	78397969	4	3	1
d204c18a-05e0-46d3-a340-51ba48ea31a7	chr18	78401084	80257174	3	2	1
d204c18a-05e0-46d3-a340-51ba48ea31a7	chr19	90910	4265945	2	2	0
d204c18a-05e0-46d3-a340-51ba48ea31a7	chr19	4267486	8418323	4	2	2
d204c18a-05e0-46d3-a340-51ba48ea31a7	chr19	8431480	9107378	3	2	1
d204c18a-05e0-46d3-a340-51ba48ea31a7	chr19	9107449	10422127	5	3	2
d204c18a-05e0-46d3-a340-51ba48ea31a7	chr19	10428607	11204898	8	6	2
d204c18a-05e0-46d3-a340-51ba48ea31a7	chr19	11205141	13310553	6	4	2
d204c18a-05e0-46d3-a340-51ba48ea31a7	chr19	13310659	15613483	8	6	2
d204c18a-05e0-46d3-a340-51ba48ea31a7	chr19	15617292	17522540	6	4	2
d204c18a-05e0-46d3-a340-51ba48ea31a7	chr19	17526352	17764499	3	2	1
d204c18a-05e0-46d3-a340-51ba48ea31a7	chr19	17765726	20669537	5	3	2
d204c18a-05e0-46d3-a340-51ba48ea31a7	chr19	20671165	21189208	6	4	2
d204c18a-05e0-46d3-a340-51ba48ea31a7	chr19	21189505	23210821	8	6	2
d204c18a-05e0-46d3-a340-51ba48ea31a7	chr19	23211075	27257085	6	4	2
d204c18a-05e0-46d3-a340-51ba48ea31a7	chr19	27260767	30232468	10	8	2
d204c18a-05e0-46d3-a340-51ba48ea31a7	chr19	30234182	32925285	9	7	2
d204c18a-05e0-46d3-a340-51ba48ea31a7	chr19	32926138	33237301	6	4	2
d204c18a-05e0-46d3-a340-51ba48ea31a7	chr19	33240645	33614684	7	5	2
d204c18a-05e0-46d3-a340-51ba48ea31a7	chr19	33627481	33843009	5	3	2
d204c18a-05e0-46d3-a340-51ba48ea31a7	chr19	33849592	36334346	7	5	2
d204c18a-05e0-46d3-a340-51ba48ea31a7	chr19	36334556	36875263	4	2	2
d204c18a-05e0-46d3-a340-51ba48ea31a7	chr19	36877488	36990251	6	4	2
d204c18a-05e0-46d3-a340-51ba48ea31a7	chr19	36991249	40607836	4	2	2
d204c18a-05e0-46d3-a340-51ba48ea31a7	chr19	40616098	58586487	2	2	0
d204c18a-05e0-46d3-a340-51ba48ea31a7	chr20	80664	30293217	3	2	1
d204c18a-05e0-46d3-a340-51ba48ea31a7	chr20	30295149	32425684	4	2	2
d204c18a-05e0-46d3-a340-51ba48ea31a7	chr20	32426173	33238190	5	3	2
d204c18a-05e0-46d3-a340-51ba48ea31a7	chr20	33241277	35125836	4	2	2
d204c18a-05e0-46d3-a340-51ba48ea31a7	chr20	35125871	35860888	5	3	2
d204c18a-05e0-46d3-a340-51ba48ea31a7	chr20	35863305	45325351	3	2	1
d204c18a-05e0-46d3-a340-51ba48ea31a7	chr20	45330146	45489952	4	3	1
d204c18a-05e0-46d3-a340-51ba48ea31a7	chr20	45490846	60350381	3	2	1
d204c18a-05e0-46d3-a340-51ba48ea31a7	chr20	60350747	64324800	4	3	1
d204c18a-05e0-46d3-a340-51ba48ea31a7	chr21	12973348	18686443	5	4	1
d204c18a-05e0-46d3-a340-51ba48ea31a7	chr21	18687308	19519145	4	3	1
d204c18a-05e0-46d3-a340-51ba48ea31a7	chr21	19519366	28388572	3	2	1
d204c18a-05e0-46d3-a340-51ba48ea31a7	chr21	28388765	28392036	5	3	2
d204c18a-05e0-46d3-a340-51ba48ea31a7	chr21	28394035	46677045	3	2	1
d204c18a-05e0-46d3-a340-51ba48ea31a7	chr22	16392123	47239220	2	2	0
d204c18a-05e0-46d3-a340-51ba48ea31a7	chr22	47239541	47250684	3	3	0
d204c18a-05e0-46d3-a340-51ba48ea31a7	chr22	47250833	50099560	2	2	0
d204c18a-05e0-46d3-a340-51ba48ea31a7	chr22	50102337	50796027	3	3	0
d204c18a-05e0-46d3-a340-51ba48ea31a7	chrX	251810	30283124	2	2	0
d204c18a-05e0-46d3-a340-51ba48ea31a7	chrX	30283549	30284977	1	1	0
d204c18a-05e0-46d3-a340-51ba48ea31a7	chrX	30285302	40075235	2	2	0
d204c18a-05e0-46d3-a340-51ba48ea31a7	chrX	40076082	47086536	3	2	1
d204c18a-05e0-46d3-a340-51ba48ea31a7	chrX	47087005	48265558	4	2	2
d204c18a-05e0-46d3-a340-51ba48ea31a7	chrX	48265936	48616137	3	2	1
d204c18a-05e0-46d3-a340-51ba48ea31a7	chrX	48616645	56551545	2	2	0
d204c18a-05e0-46d3-a340-51ba48ea31a7	chrX	56552206	62837133	3	2	1
d204c18a-05e0-46d3-a340-51ba48ea31a7	chrX	62838079	95141627	4	2	2
d204c18a-05e0-46d3-a340-51ba48ea31a7	chrX	95141864	95158595	7	4	3
d204c18a-05e0-46d3-a340-51ba48ea31a7	chrX	95159272	122217753	4	2	2
d204c18a-05e0-46d3-a340-51ba48ea31a7	chrX	122220443	122287664	5	3	2
d204c18a-05e0-46d3-a340-51ba48ea31a7	chrX	122291464	123676461	3	2	1
d204c18a-05e0-46d3-a340-51ba48ea31a7	chrX	123677087	137206684	4	2	2
d204c18a-05e0-46d3-a340-51ba48ea31a7	chrX	137207212	137895308	5	3	2
d204c18a-05e0-46d3-a340-51ba48ea31a7	chrX	137895504	142595576	4	2	2
d204c18a-05e0-46d3-a340-51ba48ea31a7	chrX	142596968	142612695	3	2	1
d204c18a-05e0-46d3-a340-51ba48ea31a7	chrX	142615650	156004181	4	2	2
d204c18a-05e0-46d3-a340-51ba48ea31a7	chrY	2782397	26653788	0	0	0
d204c18a-05e0-46d3-a340-51ba48ea31a7	chrY	56872112	56872112	2	2	0
