GDC_Aliquot	Chromosome	Start	End	Copy_Number	Major_Copy_Number	Minor_Copy_Number
6a4eb92b-ed80-40ce-8275-922cfcd1b1f2	chr1	62920	10579724	5	4	1
6a4eb92b-ed80-40ce-8275-922cfcd1b1f2	chr1	10583772	45479802	6	5	1
6a4eb92b-ed80-40ce-8275-922cfcd1b1f2	chr1	45488313	46806513	7	5	2
6a4eb92b-ed80-40ce-8275-922cfcd1b1f2	chr1	46806859	47723959	6	5	1
6a4eb92b-ed80-40ce-8275-922cfcd1b1f2	chr1	47725933	53692429	5	4	1
6a4eb92b-ed80-40ce-8275-922cfcd1b1f2	chr1	53693017	87532664	4	3	1
6a4eb92b-ed80-40ce-8275-922cfcd1b1f2	chr1	87538732	94903642	5	3	2
6a4eb92b-ed80-40ce-8275-922cfcd1b1f2	chr1	94903655	95000046	4	3	1
6a4eb92b-ed80-40ce-8275-922cfcd1b1f2	chr1	95002689	111311558	5	3	2
6a4eb92b-ed80-40ce-8275-922cfcd1b1f2	chr1	111311585	111946198	4	2	2
6a4eb92b-ed80-40ce-8275-922cfcd1b1f2	chr1	111948910	185996849	5	3	2
6a4eb92b-ed80-40ce-8275-922cfcd1b1f2	chr1	185997633	186274660	7	5	2
6a4eb92b-ed80-40ce-8275-922cfcd1b1f2	chr1	186278792	201974223	5	3	2
6a4eb92b-ed80-40ce-8275-922cfcd1b1f2	chr1	201976082	202221657	6	4	2
6a4eb92b-ed80-40ce-8275-922cfcd1b1f2	chr1	202223295	214791758	5	3	2
6a4eb92b-ed80-40ce-8275-922cfcd1b1f2	chr1	214792114	214800147	10	6	4
6a4eb92b-ed80-40ce-8275-922cfcd1b1f2	chr1	214801395	233279621	5	3	2
6a4eb92b-ed80-40ce-8275-922cfcd1b1f2	chr1	233279874	235768143	6	4	2
6a4eb92b-ed80-40ce-8275-922cfcd1b1f2	chr1	235770754	241182626	7	4	3
6a4eb92b-ed80-40ce-8275-922cfcd1b1f2	chr1	241183276	248930189	6	3	3
6a4eb92b-ed80-40ce-8275-922cfcd1b1f2	chr2	12784	3104206	7	4	3
6a4eb92b-ed80-40ce-8275-922cfcd1b1f2	chr2	3105487	11352888	6	3	3
6a4eb92b-ed80-40ce-8275-922cfcd1b1f2	chr2	11356888	37579401	5	3	2
6a4eb92b-ed80-40ce-8275-922cfcd1b1f2	chr2	37581739	39174517	8	5	3
6a4eb92b-ed80-40ce-8275-922cfcd1b1f2	chr2	39175271	55758481	5	3	2
6a4eb92b-ed80-40ce-8275-922cfcd1b1f2	chr2	55758907	56809982	6	3	3
6a4eb92b-ed80-40ce-8275-922cfcd1b1f2	chr2	56810178	65488310	5	3	2
6a4eb92b-ed80-40ce-8275-922cfcd1b1f2	chr2	65489482	65498670	3	2	1
6a4eb92b-ed80-40ce-8275-922cfcd1b1f2	chr2	65499064	69210464	6	3	3
6a4eb92b-ed80-40ce-8275-922cfcd1b1f2	chr2	69211565	76298800	5	3	2
6a4eb92b-ed80-40ce-8275-922cfcd1b1f2	chr2	76298958	85812698	6	3	3
6a4eb92b-ed80-40ce-8275-922cfcd1b1f2	chr2	85814231	85874776	4	2	2
6a4eb92b-ed80-40ce-8275-922cfcd1b1f2	chr2	85874897	88834118	5	3	2
6a4eb92b-ed80-40ce-8275-922cfcd1b1f2	chr2	88836539	89128611	13	13	0
6a4eb92b-ed80-40ce-8275-922cfcd1b1f2	chr2	89130176	100471798	5	3	2
6a4eb92b-ed80-40ce-8275-922cfcd1b1f2	chr2	100472378	100483769	3	2	1
6a4eb92b-ed80-40ce-8275-922cfcd1b1f2	chr2	100489186	113032592	5	3	2
6a4eb92b-ed80-40ce-8275-922cfcd1b1f2	chr2	113032976	113280772	4	3	1
6a4eb92b-ed80-40ce-8275-922cfcd1b1f2	chr2	113283164	113302976	9	6	3
6a4eb92b-ed80-40ce-8275-922cfcd1b1f2	chr2	113303621	144498290	5	3	2
6a4eb92b-ed80-40ce-8275-922cfcd1b1f2	chr2	144500878	145166416	7	4	3
6a4eb92b-ed80-40ce-8275-922cfcd1b1f2	chr2	145167501	146104517	8	4	4
6a4eb92b-ed80-40ce-8275-922cfcd1b1f2	chr2	146106836	146109366	0	0	0
6a4eb92b-ed80-40ce-8275-922cfcd1b1f2	chr2	146120238	148436275	8	4	4
6a4eb92b-ed80-40ce-8275-922cfcd1b1f2	chr2	148436744	168154344	9	5	4
6a4eb92b-ed80-40ce-8275-922cfcd1b1f2	chr2	168155748	175786418	8	5	3
6a4eb92b-ed80-40ce-8275-922cfcd1b1f2	chr2	175787148	175915665	7	5	2
6a4eb92b-ed80-40ce-8275-922cfcd1b1f2	chr2	175918274	176393476	10	8	2
6a4eb92b-ed80-40ce-8275-922cfcd1b1f2	chr2	176393786	193129790	7	5	2
6a4eb92b-ed80-40ce-8275-922cfcd1b1f2	chr2	193130590	201314035	6	4	2
6a4eb92b-ed80-40ce-8275-922cfcd1b1f2	chr2	201320439	201352611	7	5	2
6a4eb92b-ed80-40ce-8275-922cfcd1b1f2	chr2	201355523	204344929	6	4	2
6a4eb92b-ed80-40ce-8275-922cfcd1b1f2	chr2	204345561	205557416	5	3	2
6a4eb92b-ed80-40ce-8275-922cfcd1b1f2	chr2	205558272	205577836	7	4	3
6a4eb92b-ed80-40ce-8275-922cfcd1b1f2	chr2	205578314	241170179	5	3	2
6a4eb92b-ed80-40ce-8275-922cfcd1b1f2	chr2	241170635	242147305	4	2	2
6a4eb92b-ed80-40ce-8275-922cfcd1b1f2	chr3	20930	2903391	3	2	1
6a4eb92b-ed80-40ce-8275-922cfcd1b1f2	chr3	2904069	8833098	4	3	1
6a4eb92b-ed80-40ce-8275-922cfcd1b1f2	chr3	8835318	8853172	3	2	1
6a4eb92b-ed80-40ce-8275-922cfcd1b1f2	chr3	8854141	20325378	4	3	1
6a4eb92b-ed80-40ce-8275-922cfcd1b1f2	chr3	20326409	20339526	6	4	2
6a4eb92b-ed80-40ce-8275-922cfcd1b1f2	chr3	20343135	73992836	4	3	1
6a4eb92b-ed80-40ce-8275-922cfcd1b1f2	chr3	73995898	80122329	6	3	3
6a4eb92b-ed80-40ce-8275-922cfcd1b1f2	chr3	80125679	101046740	5	3	2
6a4eb92b-ed80-40ce-8275-922cfcd1b1f2	chr3	101047465	101621607	7	4	3
6a4eb92b-ed80-40ce-8275-922cfcd1b1f2	chr3	101622711	118214569	5	3	2
6a4eb92b-ed80-40ce-8275-922cfcd1b1f2	chr3	118215101	122290328	7	5	2
6a4eb92b-ed80-40ce-8275-922cfcd1b1f2	chr3	122291493	122307242	9	6	3
6a4eb92b-ed80-40ce-8275-922cfcd1b1f2	chr3	122307647	134008134	7	5	2
6a4eb92b-ed80-40ce-8275-922cfcd1b1f2	chr3	134009022	162790480	8	6	2
6a4eb92b-ed80-40ce-8275-922cfcd1b1f2	chr3	162794869	162908207	1	1	0
6a4eb92b-ed80-40ce-8275-922cfcd1b1f2	chr3	162908784	167052180	8	6	2
6a4eb92b-ed80-40ce-8275-922cfcd1b1f2	chr3	167052657	169130369	9	7	2
6a4eb92b-ed80-40ce-8275-922cfcd1b1f2	chr3	169134146	170202567	13	11	2
6a4eb92b-ed80-40ce-8275-922cfcd1b1f2	chr3	170207344	188180923	9	7	2
6a4eb92b-ed80-40ce-8275-922cfcd1b1f2	chr3	188181214	189736551	11	9	2
6a4eb92b-ed80-40ce-8275-922cfcd1b1f2	chr3	189737598	190363976	9	7	2
6a4eb92b-ed80-40ce-8275-922cfcd1b1f2	chr3	190366456	193944518	8	7	1
6a4eb92b-ed80-40ce-8275-922cfcd1b1f2	chr3	193946236	198169247	9	8	1
6a4eb92b-ed80-40ce-8275-922cfcd1b1f2	chr4	68929	2715963	6	3	3
6a4eb92b-ed80-40ce-8275-922cfcd1b1f2	chr4	2717710	15079785	3	2	1
6a4eb92b-ed80-40ce-8275-922cfcd1b1f2	chr4	15080067	41140213	4	3	1
6a4eb92b-ed80-40ce-8275-922cfcd1b1f2	chr4	41141459	49050205	5	3	2
6a4eb92b-ed80-40ce-8275-922cfcd1b1f2	chr4	49050228	54753680	6	3	3
6a4eb92b-ed80-40ce-8275-922cfcd1b1f2	chr4	54753866	75431188	5	3	2
6a4eb92b-ed80-40ce-8275-922cfcd1b1f2	chr4	75431510	80482827	6	4	2
6a4eb92b-ed80-40ce-8275-922cfcd1b1f2	chr4	80482844	82146012	7	5	2
6a4eb92b-ed80-40ce-8275-922cfcd1b1f2	chr4	82146518	84142222	4	2	2
6a4eb92b-ed80-40ce-8275-922cfcd1b1f2	chr4	84143262	151985693	3	2	1
6a4eb92b-ed80-40ce-8275-922cfcd1b1f2	chr4	151986429	190106768	2	2	0
6a4eb92b-ed80-40ce-8275-922cfcd1b1f2	chr5	15532	10950328	7	4	3
6a4eb92b-ed80-40ce-8275-922cfcd1b1f2	chr5	10951124	10954766	3	2	1
6a4eb92b-ed80-40ce-8275-922cfcd1b1f2	chr5	10955440	19627917	7	4	3
6a4eb92b-ed80-40ce-8275-922cfcd1b1f2	chr5	19633945	28379949	8	5	3
6a4eb92b-ed80-40ce-8275-922cfcd1b1f2	chr5	28381155	44154890	6	3	3
6a4eb92b-ed80-40ce-8275-922cfcd1b1f2	chr5	44155000	46246558	8	5	3
6a4eb92b-ed80-40ce-8275-922cfcd1b1f2	chr5	46251204	52198805	5	3	2
6a4eb92b-ed80-40ce-8275-922cfcd1b1f2	chr5	52199738	54762223	4	3	1
6a4eb92b-ed80-40ce-8275-922cfcd1b1f2	chr5	54762424	55859590	3	3	0
6a4eb92b-ed80-40ce-8275-922cfcd1b1f2	chr5	55865025	57344795	4	4	0
6a4eb92b-ed80-40ce-8275-922cfcd1b1f2	chr5	57345540	71484818	3	3	0
6a4eb92b-ed80-40ce-8275-922cfcd1b1f2	chr5	71486139	71588675	4	4	0
6a4eb92b-ed80-40ce-8275-922cfcd1b1f2	chr5	71589208	132484771	3	3	0
6a4eb92b-ed80-40ce-8275-922cfcd1b1f2	chr5	132485305	132872808	4	4	0
6a4eb92b-ed80-40ce-8275-922cfcd1b1f2	chr5	132880233	141222547	3	3	0
6a4eb92b-ed80-40ce-8275-922cfcd1b1f2	chr5	141229069	142773862	5	5	0
6a4eb92b-ed80-40ce-8275-922cfcd1b1f2	chr5	142775600	151409503	3	3	0
6a4eb92b-ed80-40ce-8275-922cfcd1b1f2	chr5	151409612	151416252	1	1	0
6a4eb92b-ed80-40ce-8275-922cfcd1b1f2	chr5	151416414	152276738	3	3	0
6a4eb92b-ed80-40ce-8275-922cfcd1b1f2	chr5	152278641	152289992	5	5	0
6a4eb92b-ed80-40ce-8275-922cfcd1b1f2	chr5	152290315	153154575	3	3	0
6a4eb92b-ed80-40ce-8275-922cfcd1b1f2	chr5	153155213	157196893	4	4	0
6a4eb92b-ed80-40ce-8275-922cfcd1b1f2	chr5	157197308	157210256	3	3	0
6a4eb92b-ed80-40ce-8275-922cfcd1b1f2	chr5	157210336	169899471	4	4	0
6a4eb92b-ed80-40ce-8275-922cfcd1b1f2	chr5	169901360	169913761	2	2	0
6a4eb92b-ed80-40ce-8275-922cfcd1b1f2	chr5	169915347	175771192	4	4	0
6a4eb92b-ed80-40ce-8275-922cfcd1b1f2	chr5	175775061	175777290	6	6	0
6a4eb92b-ed80-40ce-8275-922cfcd1b1f2	chr5	175777780	177226559	7	7	0
6a4eb92b-ed80-40ce-8275-922cfcd1b1f2	chr5	177226645	181363319	5	5	0
6a4eb92b-ed80-40ce-8275-922cfcd1b1f2	chr6	149661	3554311	6	3	3
6a4eb92b-ed80-40ce-8275-922cfcd1b1f2	chr6	3554632	16974390	7	4	3
6a4eb92b-ed80-40ce-8275-922cfcd1b1f2	chr6	16974472	22738516	8	5	3
6a4eb92b-ed80-40ce-8275-922cfcd1b1f2	chr6	22738991	29866695	7	4	3
6a4eb92b-ed80-40ce-8275-922cfcd1b1f2	chr6	29867174	29946443	3	2	1
6a4eb92b-ed80-40ce-8275-922cfcd1b1f2	chr6	29946838	31671352	7	4	3
6a4eb92b-ed80-40ce-8275-922cfcd1b1f2	chr6	31671980	40636477	6	3	3
6a4eb92b-ed80-40ce-8275-922cfcd1b1f2	chr6	40638777	66298918	5	3	2
6a4eb92b-ed80-40ce-8275-922cfcd1b1f2	chr6	66299130	66338664	0	0	0
6a4eb92b-ed80-40ce-8275-922cfcd1b1f2	chr6	66338736	68165127	6	3	3
6a4eb92b-ed80-40ce-8275-922cfcd1b1f2	chr6	68165183	75068593	5	3	2
6a4eb92b-ed80-40ce-8275-922cfcd1b1f2	chr6	75070474	75543180	7	4	3
6a4eb92b-ed80-40ce-8275-922cfcd1b1f2	chr6	75560563	109972271	6	3	3
6a4eb92b-ed80-40ce-8275-922cfcd1b1f2	chr6	109972413	128687405	7	4	3
6a4eb92b-ed80-40ce-8275-922cfcd1b1f2	chr6	128688448	130828762	6	3	3
6a4eb92b-ed80-40ce-8275-922cfcd1b1f2	chr6	130828987	144841376	7	4	3
6a4eb92b-ed80-40ce-8275-922cfcd1b1f2	chr6	144842446	147608283	3	3	0
6a4eb92b-ed80-40ce-8275-922cfcd1b1f2	chr6	147608823	147629898	4	4	0
6a4eb92b-ed80-40ce-8275-922cfcd1b1f2	chr6	147629929	170741917	3	3	0
6a4eb92b-ed80-40ce-8275-922cfcd1b1f2	chr7	43259	10856393	3	3	0
6a4eb92b-ed80-40ce-8275-922cfcd1b1f2	chr7	10858412	10876174	2	2	0
6a4eb92b-ed80-40ce-8275-922cfcd1b1f2	chr7	10880731	27481993	3	3	0
6a4eb92b-ed80-40ce-8275-922cfcd1b1f2	chr7	27482190	54026485	4	3	1
6a4eb92b-ed80-40ce-8275-922cfcd1b1f2	chr7	54026803	71116482	5	3	2
6a4eb92b-ed80-40ce-8275-922cfcd1b1f2	chr7	71117446	71182994	6	4	2
6a4eb92b-ed80-40ce-8275-922cfcd1b1f2	chr7	71187090	110253726	5	3	2
6a4eb92b-ed80-40ce-8275-922cfcd1b1f2	chr7	110254114	113330609	6	3	3
6a4eb92b-ed80-40ce-8275-922cfcd1b1f2	chr7	113337216	115509633	5	3	2
6a4eb92b-ed80-40ce-8275-922cfcd1b1f2	chr7	115510517	117695078	7	4	3
6a4eb92b-ed80-40ce-8275-922cfcd1b1f2	chr7	117695427	145671488	5	3	2
6a4eb92b-ed80-40ce-8275-922cfcd1b1f2	chr7	145671586	145915400	6	4	2
6a4eb92b-ed80-40ce-8275-922cfcd1b1f2	chr7	145917082	151469889	4	2	2
6a4eb92b-ed80-40ce-8275-922cfcd1b1f2	chr7	151471744	152151390	6	4	2
6a4eb92b-ed80-40ce-8275-922cfcd1b1f2	chr7	152152590	159334314	4	2	2
6a4eb92b-ed80-40ce-8275-922cfcd1b1f2	chr8	81254	5332287	5	3	2
6a4eb92b-ed80-40ce-8275-922cfcd1b1f2	chr8	5334321	6430345	4	2	2
6a4eb92b-ed80-40ce-8275-922cfcd1b1f2	chr8	6431900	6449932	3	2	1
6a4eb92b-ed80-40ce-8275-922cfcd1b1f2	chr8	6450274	13873147	4	2	2
6a4eb92b-ed80-40ce-8275-922cfcd1b1f2	chr8	13873637	20276772	5	3	2
6a4eb92b-ed80-40ce-8275-922cfcd1b1f2	chr8	20276866	31418814	4	2	2
6a4eb92b-ed80-40ce-8275-922cfcd1b1f2	chr8	31418849	33685008	3	2	1
6a4eb92b-ed80-40ce-8275-922cfcd1b1f2	chr8	33686791	39911856	4	3	1
6a4eb92b-ed80-40ce-8275-922cfcd1b1f2	chr8	39912074	46082274	5	3	2
6a4eb92b-ed80-40ce-8275-922cfcd1b1f2	chr8	46082815	46196447	6	4	2
6a4eb92b-ed80-40ce-8275-922cfcd1b1f2	chr8	46198853	47613619	5	3	2
6a4eb92b-ed80-40ce-8275-922cfcd1b1f2	chr8	47614896	52086375	4	2	2
6a4eb92b-ed80-40ce-8275-922cfcd1b1f2	chr8	52086899	58962748	5	3	2
6a4eb92b-ed80-40ce-8275-922cfcd1b1f2	chr8	58963057	65643952	4	2	2
6a4eb92b-ed80-40ce-8275-922cfcd1b1f2	chr8	65648699	71381099	5	3	2
6a4eb92b-ed80-40ce-8275-922cfcd1b1f2	chr8	71381665	72754160	4	2	2
6a4eb92b-ed80-40ce-8275-922cfcd1b1f2	chr8	72756863	84829600	5	3	2
6a4eb92b-ed80-40ce-8275-922cfcd1b1f2	chr8	84829768	123146610	4	3	1
6a4eb92b-ed80-40ce-8275-922cfcd1b1f2	chr8	123149740	123929007	8	5	3
6a4eb92b-ed80-40ce-8275-922cfcd1b1f2	chr8	123929067	127930463	8	4	4
6a4eb92b-ed80-40ce-8275-922cfcd1b1f2	chr8	127932644	128192885	7	4	3
6a4eb92b-ed80-40ce-8275-922cfcd1b1f2	chr8	128193294	144924592	9	5	4
6a4eb92b-ed80-40ce-8275-922cfcd1b1f2	chr8	144925013	145072769	11	7	4
6a4eb92b-ed80-40ce-8275-922cfcd1b1f2	chr9	46587	16246196	5	4	1
6a4eb92b-ed80-40ce-8275-922cfcd1b1f2	chr9	16246541	16430680	7	4	3
6a4eb92b-ed80-40ce-8275-922cfcd1b1f2	chr9	16430785	16608734	9	5	4
6a4eb92b-ed80-40ce-8275-922cfcd1b1f2	chr9	16612198	17508895	7	4	3
6a4eb92b-ed80-40ce-8275-922cfcd1b1f2	chr9	17509163	32121217	6	3	3
6a4eb92b-ed80-40ce-8275-922cfcd1b1f2	chr9	32121612	76662167	5	3	2
6a4eb92b-ed80-40ce-8275-922cfcd1b1f2	chr9	76663863	76705179	8	5	3
6a4eb92b-ed80-40ce-8275-922cfcd1b1f2	chr9	76705931	113789675	5	3	2
6a4eb92b-ed80-40ce-8275-922cfcd1b1f2	chr9	113790708	115798260	7	5	2
6a4eb92b-ed80-40ce-8275-922cfcd1b1f2	chr9	115803243	115811180	5	4	1
6a4eb92b-ed80-40ce-8275-922cfcd1b1f2	chr9	115812647	115820872	7	7	0
6a4eb92b-ed80-40ce-8275-922cfcd1b1f2	chr9	115821440	125383703	5	3	2
6a4eb92b-ed80-40ce-8275-922cfcd1b1f2	chr9	125383785	129222450	6	3	3
6a4eb92b-ed80-40ce-8275-922cfcd1b1f2	chr9	129229037	129685771	10	7	3
6a4eb92b-ed80-40ce-8275-922cfcd1b1f2	chr9	129687250	138200944	6	3	3
6a4eb92b-ed80-40ce-8275-922cfcd1b1f2	chr10	45792	5423708	5	4	1
6a4eb92b-ed80-40ce-8275-922cfcd1b1f2	chr10	5431323	8669794	6	4	2
6a4eb92b-ed80-40ce-8275-922cfcd1b1f2	chr10	8671963	8677556	12	8	4
6a4eb92b-ed80-40ce-8275-922cfcd1b1f2	chr10	8677909	18132737	6	4	2
6a4eb92b-ed80-40ce-8275-922cfcd1b1f2	chr10	18134994	26575439	5	3	2
6a4eb92b-ed80-40ce-8275-922cfcd1b1f2	chr10	26575680	29148911	4	2	2
6a4eb92b-ed80-40ce-8275-922cfcd1b1f2	chr10	29149045	50971130	5	3	2
6a4eb92b-ed80-40ce-8275-922cfcd1b1f2	chr10	50972159	52309426	4	2	2
6a4eb92b-ed80-40ce-8275-922cfcd1b1f2	chr10	52309576	62598686	5	3	2
6a4eb92b-ed80-40ce-8275-922cfcd1b1f2	chr10	62598783	62628008	3	2	1
6a4eb92b-ed80-40ce-8275-922cfcd1b1f2	chr10	62630216	63023870	4	2	2
6a4eb92b-ed80-40ce-8275-922cfcd1b1f2	chr10	63029647	70952398	3	2	1
6a4eb92b-ed80-40ce-8275-922cfcd1b1f2	chr10	70954132	84368113	4	3	1
6a4eb92b-ed80-40ce-8275-922cfcd1b1f2	chr10	84368914	93846488	3	2	1
6a4eb92b-ed80-40ce-8275-922cfcd1b1f2	chr10	93846598	95739538	4	2	2
6a4eb92b-ed80-40ce-8275-922cfcd1b1f2	chr10	95747351	97408797	6	4	2
6a4eb92b-ed80-40ce-8275-922cfcd1b1f2	chr10	97412155	102811459	4	2	2
6a4eb92b-ed80-40ce-8275-922cfcd1b1f2	chr10	102812129	120860968	5	3	2
6a4eb92b-ed80-40ce-8275-922cfcd1b1f2	chr10	120863326	122659742	6	3	3
6a4eb92b-ed80-40ce-8275-922cfcd1b1f2	chr10	122659754	133654968	5	3	2
6a4eb92b-ed80-40ce-8275-922cfcd1b1f2	chr11	198510	14521296	3	2	1
6a4eb92b-ed80-40ce-8275-922cfcd1b1f2	chr11	14521910	20844364	4	3	1
6a4eb92b-ed80-40ce-8275-922cfcd1b1f2	chr11	20844888	26648819	3	2	1
6a4eb92b-ed80-40ce-8275-922cfcd1b1f2	chr11	26648926	26652966	6	4	2
6a4eb92b-ed80-40ce-8275-922cfcd1b1f2	chr11	26653170	48520152	3	2	1
6a4eb92b-ed80-40ce-8275-922cfcd1b1f2	chr11	48521027	61043640	4	2	2
6a4eb92b-ed80-40ce-8275-922cfcd1b1f2	chr11	61044098	61057807	3	2	1
6a4eb92b-ed80-40ce-8275-922cfcd1b1f2	chr11	61058695	93466200	4	2	2
6a4eb92b-ed80-40ce-8275-922cfcd1b1f2	chr11	93467447	94555759	5	3	2
6a4eb92b-ed80-40ce-8275-922cfcd1b1f2	chr11	94557283	102125684	4	2	2
6a4eb92b-ed80-40ce-8275-922cfcd1b1f2	chr11	102126066	113962629	3	2	1
6a4eb92b-ed80-40ce-8275-922cfcd1b1f2	chr11	113965121	114838533	4	2	2
6a4eb92b-ed80-40ce-8275-922cfcd1b1f2	chr11	114839776	121266414	3	2	1
6a4eb92b-ed80-40ce-8275-922cfcd1b1f2	chr11	121266811	121290939	2	1	1
6a4eb92b-ed80-40ce-8275-922cfcd1b1f2	chr11	121291540	135074876	3	2	1
6a4eb92b-ed80-40ce-8275-922cfcd1b1f2	chr12	51460	3114235	4	4	0
6a4eb92b-ed80-40ce-8275-922cfcd1b1f2	chr12	3116773	3179702	5	5	0
6a4eb92b-ed80-40ce-8275-922cfcd1b1f2	chr12	3180779	6906543	4	4	0
6a4eb92b-ed80-40ce-8275-922cfcd1b1f2	chr12	6911804	9467513	5	4	1
6a4eb92b-ed80-40ce-8275-922cfcd1b1f2	chr12	9468937	16387890	6	5	1
6a4eb92b-ed80-40ce-8275-922cfcd1b1f2	chr12	16388577	21339796	4	3	1
6a4eb92b-ed80-40ce-8275-922cfcd1b1f2	chr12	21341734	74726337	5	3	2
6a4eb92b-ed80-40ce-8275-922cfcd1b1f2	chr12	74726390	78186045	3	2	1
6a4eb92b-ed80-40ce-8275-922cfcd1b1f2	chr12	78191339	83810484	4	3	1
6a4eb92b-ed80-40ce-8275-922cfcd1b1f2	chr12	83810927	84583863	6	3	3
6a4eb92b-ed80-40ce-8275-922cfcd1b1f2	chr12	84586232	90321290	4	3	1
6a4eb92b-ed80-40ce-8275-922cfcd1b1f2	chr12	90326062	98665679	3	2	1
6a4eb92b-ed80-40ce-8275-922cfcd1b1f2	chr12	98667197	99123104	4	2	2
6a4eb92b-ed80-40ce-8275-922cfcd1b1f2	chr12	99124465	102197386	3	2	1
6a4eb92b-ed80-40ce-8275-922cfcd1b1f2	chr12	102199584	106255939	4	2	2
6a4eb92b-ed80-40ce-8275-922cfcd1b1f2	chr12	106255986	133201603	3	2	1
6a4eb92b-ed80-40ce-8275-922cfcd1b1f2	chr13	18452809	19021274	5	3	2
6a4eb92b-ed80-40ce-8275-922cfcd1b1f2	chr13	19022192	19031270	8	4	4
6a4eb92b-ed80-40ce-8275-922cfcd1b1f2	chr13	19036189	22748288	4	2	2
6a4eb92b-ed80-40ce-8275-922cfcd1b1f2	chr13	22749395	32098456	5	3	2
6a4eb92b-ed80-40ce-8275-922cfcd1b1f2	chr13	32101991	50432554	4	3	1
6a4eb92b-ed80-40ce-8275-922cfcd1b1f2	chr13	50446785	50896812	5	3	2
6a4eb92b-ed80-40ce-8275-922cfcd1b1f2	chr13	50898574	80572046	4	3	1
6a4eb92b-ed80-40ce-8275-922cfcd1b1f2	chr13	80572261	80587519	6	5	1
6a4eb92b-ed80-40ce-8275-922cfcd1b1f2	chr13	80587828	93983865	4	3	1
6a4eb92b-ed80-40ce-8275-922cfcd1b1f2	chr13	93984315	94243706	3	3	0
6a4eb92b-ed80-40ce-8275-922cfcd1b1f2	chr13	94244853	94719160	4	3	1
6a4eb92b-ed80-40ce-8275-922cfcd1b1f2	chr13	94719256	102957940	5	3	2
6a4eb92b-ed80-40ce-8275-922cfcd1b1f2	chr13	102960548	110228712	6	4	2
6a4eb92b-ed80-40ce-8275-922cfcd1b1f2	chr13	110228738	110367221	5	3	2
6a4eb92b-ed80-40ce-8275-922cfcd1b1f2	chr13	110368592	114342922	6	4	2
6a4eb92b-ed80-40ce-8275-922cfcd1b1f2	chr14	18239283	20482510	6	3	3
6a4eb92b-ed80-40ce-8275-922cfcd1b1f2	chr14	20483583	24814799	5	3	2
6a4eb92b-ed80-40ce-8275-922cfcd1b1f2	chr14	24819442	24895096	3	2	1
6a4eb92b-ed80-40ce-8275-922cfcd1b1f2	chr14	24895226	49935059	5	3	2
6a4eb92b-ed80-40ce-8275-922cfcd1b1f2	chr14	49935874	67831399	3	2	1
6a4eb92b-ed80-40ce-8275-922cfcd1b1f2	chr14	67831983	68625850	4	3	1
6a4eb92b-ed80-40ce-8275-922cfcd1b1f2	chr14	68626710	76031979	3	2	1
6a4eb92b-ed80-40ce-8275-922cfcd1b1f2	chr14	76033159	94719532	4	3	1
6a4eb92b-ed80-40ce-8275-922cfcd1b1f2	chr14	94719918	98056865	3	2	1
6a4eb92b-ed80-40ce-8275-922cfcd1b1f2	chr14	98057334	98527377	5	4	1
6a4eb92b-ed80-40ce-8275-922cfcd1b1f2	chr14	98528849	98795816	7	6	1
6a4eb92b-ed80-40ce-8275-922cfcd1b1f2	chr14	98798379	106877229	6	5	1
6a4eb92b-ed80-40ce-8275-922cfcd1b1f2	chr15	19811075	27502966	4	3	1
6a4eb92b-ed80-40ce-8275-922cfcd1b1f2	chr15	27503595	31525854	3	3	0
6a4eb92b-ed80-40ce-8275-922cfcd1b1f2	chr15	31525956	65519766	2	2	0
6a4eb92b-ed80-40ce-8275-922cfcd1b1f2	chr15	65519858	70519654	3	3	0
6a4eb92b-ed80-40ce-8275-922cfcd1b1f2	chr15	70520059	72574693	9	9	0
6a4eb92b-ed80-40ce-8275-922cfcd1b1f2	chr15	72575173	72673156	5	5	0
6a4eb92b-ed80-40ce-8275-922cfcd1b1f2	chr15	72673977	79001184	4	4	0
6a4eb92b-ed80-40ce-8275-922cfcd1b1f2	chr15	79002705	82868921	5	5	0
6a4eb92b-ed80-40ce-8275-922cfcd1b1f2	chr15	82871501	90841204	6	5	1
6a4eb92b-ed80-40ce-8275-922cfcd1b1f2	chr15	90847502	90970188	7	5	2
6a4eb92b-ed80-40ce-8275-922cfcd1b1f2	chr15	90971819	98659114	6	5	1
6a4eb92b-ed80-40ce-8275-922cfcd1b1f2	chr15	98660216	98833965	3	2	1
6a4eb92b-ed80-40ce-8275-922cfcd1b1f2	chr15	98841680	101928837	6	5	1
6a4eb92b-ed80-40ce-8275-922cfcd1b1f2	chr16	10777	350830	6	4	2
6a4eb92b-ed80-40ce-8275-922cfcd1b1f2	chr16	351209	896523	5	4	1
6a4eb92b-ed80-40ce-8275-922cfcd1b1f2	chr16	896896	1852104	3	2	1
6a4eb92b-ed80-40ce-8275-922cfcd1b1f2	chr16	1853650	1928140	4	3	1
6a4eb92b-ed80-40ce-8275-922cfcd1b1f2	chr16	1936403	10889007	3	2	1
6a4eb92b-ed80-40ce-8275-922cfcd1b1f2	chr16	10894312	11569041	4	3	1
6a4eb92b-ed80-40ce-8275-922cfcd1b1f2	chr16	11573305	36048855	5	3	2
6a4eb92b-ed80-40ce-8275-922cfcd1b1f2	chr16	46441986	48932549	6	3	3
6a4eb92b-ed80-40ce-8275-922cfcd1b1f2	chr16	48933229	63089045	5	3	2
6a4eb92b-ed80-40ce-8275-922cfcd1b1f2	chr16	63089919	90096867	4	3	1
6a4eb92b-ed80-40ce-8275-922cfcd1b1f2	chr17	150733	8472330	4	4	0
6a4eb92b-ed80-40ce-8275-922cfcd1b1f2	chr17	8473659	39045502	3	3	0
6a4eb92b-ed80-40ce-8275-922cfcd1b1f2	chr17	39046350	41789419	5	5	0
6a4eb92b-ed80-40ce-8275-922cfcd1b1f2	chr17	41790757	42915746	3	3	0
6a4eb92b-ed80-40ce-8275-922cfcd1b1f2	chr17	42916296	44449352	9	9	0
6a4eb92b-ed80-40ce-8275-922cfcd1b1f2	chr17	44451836	46085231	4	4	0
6a4eb92b-ed80-40ce-8275-922cfcd1b1f2	chr17	46085732	46276519	8	8	0
6a4eb92b-ed80-40ce-8275-922cfcd1b1f2	chr17	46284643	57627295	3	3	0
6a4eb92b-ed80-40ce-8275-922cfcd1b1f2	chr17	57627580	58316700	4	4	0
6a4eb92b-ed80-40ce-8275-922cfcd1b1f2	chr17	58317700	68903120	3	3	0
6a4eb92b-ed80-40ce-8275-922cfcd1b1f2	chr17	68903149	74244549	4	4	0
6a4eb92b-ed80-40ce-8275-922cfcd1b1f2	chr17	74244843	75465836	6	6	0
6a4eb92b-ed80-40ce-8275-922cfcd1b1f2	chr17	75465849	79822638	4	4	0
6a4eb92b-ed80-40ce-8275-922cfcd1b1f2	chr17	79826944	83091923	5	5	0
6a4eb92b-ed80-40ce-8275-922cfcd1b1f2	chr18	48133	10340760	4	3	1
6a4eb92b-ed80-40ce-8275-922cfcd1b1f2	chr18	10340810	42645490	5	3	2
6a4eb92b-ed80-40ce-8275-922cfcd1b1f2	chr18	42646977	80257174	3	2	1
6a4eb92b-ed80-40ce-8275-922cfcd1b1f2	chr19	90910	352488	2	2	0
6a4eb92b-ed80-40ce-8275-922cfcd1b1f2	chr19	352660	8008977	3	2	1
6a4eb92b-ed80-40ce-8275-922cfcd1b1f2	chr19	8020411	14306319	4	2	2
6a4eb92b-ed80-40ce-8275-922cfcd1b1f2	chr19	14306758	20358949	5	3	2
6a4eb92b-ed80-40ce-8275-922cfcd1b1f2	chr19	20362744	20370643	3	2	1
6a4eb92b-ed80-40ce-8275-922cfcd1b1f2	chr19	20371472	29355793	6	3	3
6a4eb92b-ed80-40ce-8275-922cfcd1b1f2	chr19	29358655	29507597	17	16	1
6a4eb92b-ed80-40ce-8275-922cfcd1b1f2	chr19	29507931	29741539	12	10	2
6a4eb92b-ed80-40ce-8275-922cfcd1b1f2	chr19	29743046	29824363	9	6	3
6a4eb92b-ed80-40ce-8275-922cfcd1b1f2	chr19	29824828	31009114	6	4	2
6a4eb92b-ed80-40ce-8275-922cfcd1b1f2	chr19	31009267	32048896	5	3	2
6a4eb92b-ed80-40ce-8275-922cfcd1b1f2	chr19	32051477	34246542	6	3	3
6a4eb92b-ed80-40ce-8275-922cfcd1b1f2	chr19	34246558	57260746	5	3	2
6a4eb92b-ed80-40ce-8275-922cfcd1b1f2	chr19	57261275	58586487	4	2	2
6a4eb92b-ed80-40ce-8275-922cfcd1b1f2	chr20	80664	7717225	7	4	3
6a4eb92b-ed80-40ce-8275-922cfcd1b1f2	chr20	7719461	13840702	6	3	3
6a4eb92b-ed80-40ce-8275-922cfcd1b1f2	chr20	13840958	14174850	7	4	3
6a4eb92b-ed80-40ce-8275-922cfcd1b1f2	chr20	14176601	23193119	6	3	3
6a4eb92b-ed80-40ce-8275-922cfcd1b1f2	chr20	23193757	47855909	5	3	2
6a4eb92b-ed80-40ce-8275-922cfcd1b1f2	chr20	47855917	48404826	6	4	2
6a4eb92b-ed80-40ce-8275-922cfcd1b1f2	chr20	48405019	49013087	5	3	2
6a4eb92b-ed80-40ce-8275-922cfcd1b1f2	chr20	49013285	63822592	6	3	3
6a4eb92b-ed80-40ce-8275-922cfcd1b1f2	chr20	63828310	64324800	4	3	1
6a4eb92b-ed80-40ce-8275-922cfcd1b1f2	chr21	12973348	28487967	5	3	2
6a4eb92b-ed80-40ce-8275-922cfcd1b1f2	chr21	28488161	30446193	4	2	2
6a4eb92b-ed80-40ce-8275-922cfcd1b1f2	chr21	30446376	30462795	7	4	3
6a4eb92b-ed80-40ce-8275-922cfcd1b1f2	chr21	30464080	41125415	5	3	2
6a4eb92b-ed80-40ce-8275-922cfcd1b1f2	chr21	41126092	42439431	4	2	2
6a4eb92b-ed80-40ce-8275-922cfcd1b1f2	chr21	42444409	45894988	5	3	2
6a4eb92b-ed80-40ce-8275-922cfcd1b1f2	chr21	45897554	45915361	9	5	4
6a4eb92b-ed80-40ce-8275-922cfcd1b1f2	chr21	45915426	46677045	5	3	2
6a4eb92b-ed80-40ce-8275-922cfcd1b1f2	chr22	16392123	17824868	6	3	3
6a4eb92b-ed80-40ce-8275-922cfcd1b1f2	chr22	17826053	17833854	8	4	4
6a4eb92b-ed80-40ce-8275-922cfcd1b1f2	chr22	17834329	27943068	6	3	3
6a4eb92b-ed80-40ce-8275-922cfcd1b1f2	chr22	27943345	32264716	7	4	3
6a4eb92b-ed80-40ce-8275-922cfcd1b1f2	chr22	32268186	32554067	4	3	1
6a4eb92b-ed80-40ce-8275-922cfcd1b1f2	chr22	32554915	50796027	3	2	1
6a4eb92b-ed80-40ce-8275-922cfcd1b1f2	chrX	251810	7320258	4	4	0
6a4eb92b-ed80-40ce-8275-922cfcd1b1f2	chrX	7321341	16181073	5	4	1
6a4eb92b-ed80-40ce-8275-922cfcd1b1f2	chrX	16183616	16203250	3	3	0
6a4eb92b-ed80-40ce-8275-922cfcd1b1f2	chrX	16203601	21950410	5	4	1
6a4eb92b-ed80-40ce-8275-922cfcd1b1f2	chrX	21950901	21967618	7	6	1
6a4eb92b-ed80-40ce-8275-922cfcd1b1f2	chrX	21967846	38531403	5	4	1
6a4eb92b-ed80-40ce-8275-922cfcd1b1f2	chrX	38531520	38538064	7	6	1
6a4eb92b-ed80-40ce-8275-922cfcd1b1f2	chrX	38539778	45659283	5	4	1
6a4eb92b-ed80-40ce-8275-922cfcd1b1f2	chrX	45662881	47496363	4	3	1
6a4eb92b-ed80-40ce-8275-922cfcd1b1f2	chrX	47496999	51876706	3	2	1
6a4eb92b-ed80-40ce-8275-922cfcd1b1f2	chrX	51877430	56781150	4	2	2
6a4eb92b-ed80-40ce-8275-922cfcd1b1f2	chrX	56781658	56812518	6	3	3
6a4eb92b-ed80-40ce-8275-922cfcd1b1f2	chrX	56812558	73092966	4	2	2
6a4eb92b-ed80-40ce-8275-922cfcd1b1f2	chrX	73093581	83375269	3	2	1
6a4eb92b-ed80-40ce-8275-922cfcd1b1f2	chrX	83376741	92176004	4	2	2
6a4eb92b-ed80-40ce-8275-922cfcd1b1f2	chrX	92176108	95141627	3	2	1
6a4eb92b-ed80-40ce-8275-922cfcd1b1f2	chrX	95141864	95159272	5	3	2
6a4eb92b-ed80-40ce-8275-922cfcd1b1f2	chrX	95160023	156004181	3	2	1
6a4eb92b-ed80-40ce-8275-922cfcd1b1f2	chrY	2782397	26653788	0	0	0
6a4eb92b-ed80-40ce-8275-922cfcd1b1f2	chrY	56872112	56872112	19	19	0
