GDC_Aliquot	Chromosome	Start	End	Copy_Number	Major_Copy_Number	Minor_Copy_Number
e5916941-3135-4a54-a047-35f554a226e7	chr1	62920	3813871	3	3	0
e5916941-3135-4a54-a047-35f554a226e7	chr1	3816075	3827139	2	2	0
e5916941-3135-4a54-a047-35f554a226e7	chr1	3827520	17871942	3	3	0
e5916941-3135-4a54-a047-35f554a226e7	chr1	17874824	80893639	2	2	0
e5916941-3135-4a54-a047-35f554a226e7	chr1	80898683	121705338	1	1	0
e5916941-3135-4a54-a047-35f554a226e7	chr1	143541857	208272605	2	1	1
e5916941-3135-4a54-a047-35f554a226e7	chr1	208272909	247161277	1	1	0
e5916941-3135-4a54-a047-35f554a226e7	chr1	247161869	248930189	2	2	0
e5916941-3135-4a54-a047-35f554a226e7	chr2	12784	6908110	2	2	0
e5916941-3135-4a54-a047-35f554a226e7	chr2	6909871	6968081	1	1	0
e5916941-3135-4a54-a047-35f554a226e7	chr2	6971606	19072429	2	2	0
e5916941-3135-4a54-a047-35f554a226e7	chr2	19073333	67623431	1	1	0
e5916941-3135-4a54-a047-35f554a226e7	chr2	67625881	67880737	2	1	1
e5916941-3135-4a54-a047-35f554a226e7	chr2	67882888	67992656	3	2	1
e5916941-3135-4a54-a047-35f554a226e7	chr2	67994753	242147305	2	1	1
e5916941-3135-4a54-a047-35f554a226e7	chr3	20930	4835857	1	1	0
e5916941-3135-4a54-a047-35f554a226e7	chr3	4837155	65909283	2	1	1
e5916941-3135-4a54-a047-35f554a226e7	chr3	65911543	67319668	3	2	1
e5916941-3135-4a54-a047-35f554a226e7	chr3	67324699	107871511	2	1	1
e5916941-3135-4a54-a047-35f554a226e7	chr3	107873187	108029636	3	2	1
e5916941-3135-4a54-a047-35f554a226e7	chr3	108031301	152904107	2	1	1
e5916941-3135-4a54-a047-35f554a226e7	chr3	152908289	162433759	3	2	1
e5916941-3135-4a54-a047-35f554a226e7	chr3	162434172	176531008	4	3	1
e5916941-3135-4a54-a047-35f554a226e7	chr3	176531395	177644729	3	2	1
e5916941-3135-4a54-a047-35f554a226e7	chr3	177646891	179485625	4	3	1
e5916941-3135-4a54-a047-35f554a226e7	chr3	179487767	181962821	3	2	1
e5916941-3135-4a54-a047-35f554a226e7	chr3	181962946	182860872	4	3	1
e5916941-3135-4a54-a047-35f554a226e7	chr3	182869433	198169247	3	2	1
e5916941-3135-4a54-a047-35f554a226e7	chr4	68929	47619738	1	1	0
e5916941-3135-4a54-a047-35f554a226e7	chr4	47620123	49587131	2	1	1
e5916941-3135-4a54-a047-35f554a226e7	chr4	49588316	55579645	3	2	1
e5916941-3135-4a54-a047-35f554a226e7	chr4	55586151	76627015	2	1	1
e5916941-3135-4a54-a047-35f554a226e7	chr4	76632538	105957770	1	1	0
e5916941-3135-4a54-a047-35f554a226e7	chr4	105960921	122640363	2	1	1
e5916941-3135-4a54-a047-35f554a226e7	chr4	122641923	126451866	3	2	1
e5916941-3135-4a54-a047-35f554a226e7	chr4	126454045	134957274	2	2	0
e5916941-3135-4a54-a047-35f554a226e7	chr4	134959116	145709979	3	2	1
e5916941-3135-4a54-a047-35f554a226e7	chr4	145710255	190106768	2	1	1
e5916941-3135-4a54-a047-35f554a226e7	chr5	15532	42163710	2	1	1
e5916941-3135-4a54-a047-35f554a226e7	chr5	42163923	42407083	1	1	0
e5916941-3135-4a54-a047-35f554a226e7	chr5	42407758	46246558	2	1	1
e5916941-3135-4a54-a047-35f554a226e7	chr5	46251204	152665831	1	1	0
e5916941-3135-4a54-a047-35f554a226e7	chr5	152671000	167091349	2	2	0
e5916941-3135-4a54-a047-35f554a226e7	chr5	167091931	181363319	3	3	0
e5916941-3135-4a54-a047-35f554a226e7	chr6	149661	5276515	2	1	1
e5916941-3135-4a54-a047-35f554a226e7	chr6	5277038	39183162	3	2	1
e5916941-3135-4a54-a047-35f554a226e7	chr6	39183390	127115971	2	1	1
e5916941-3135-4a54-a047-35f554a226e7	chr6	127116302	170741917	1	1	0
e5916941-3135-4a54-a047-35f554a226e7	chr7	43259	17060600	1	1	0
e5916941-3135-4a54-a047-35f554a226e7	chr7	17060724	77522948	2	1	1
e5916941-3135-4a54-a047-35f554a226e7	chr7	77540080	100919726	1	1	0
e5916941-3135-4a54-a047-35f554a226e7	chr7	100920838	116254956	2	2	0
e5916941-3135-4a54-a047-35f554a226e7	chr7	116255181	116281863	1	1	0
e5916941-3135-4a54-a047-35f554a226e7	chr7	116281887	134100981	2	2	0
e5916941-3135-4a54-a047-35f554a226e7	chr7	134100986	134110881	0	0	0
e5916941-3135-4a54-a047-35f554a226e7	chr7	134110912	148057315	2	2	0
e5916941-3135-4a54-a047-35f554a226e7	chr7	148057724	159334314	3	2	1
e5916941-3135-4a54-a047-35f554a226e7	chr8	81254	37223349	1	1	0
e5916941-3135-4a54-a047-35f554a226e7	chr8	37224284	75710192	2	1	1
e5916941-3135-4a54-a047-35f554a226e7	chr8	75710540	108688361	1	1	0
e5916941-3135-4a54-a047-35f554a226e7	chr8	108688434	145072769	2	1	1
e5916941-3135-4a54-a047-35f554a226e7	chr9	46587	19753999	3	2	1
e5916941-3135-4a54-a047-35f554a226e7	chr9	19755872	20088457	4	3	1
e5916941-3135-4a54-a047-35f554a226e7	chr9	20091812	31973389	3	2	1
e5916941-3135-4a54-a047-35f554a226e7	chr9	31973638	138200944	2	1	1
e5916941-3135-4a54-a047-35f554a226e7	chr10	45792	22245261	1	1	0
e5916941-3135-4a54-a047-35f554a226e7	chr10	22249286	80347724	2	1	1
e5916941-3135-4a54-a047-35f554a226e7	chr10	80353117	81232729	1	1	0
e5916941-3135-4a54-a047-35f554a226e7	chr10	81241493	82085241	2	2	0
e5916941-3135-4a54-a047-35f554a226e7	chr10	82091203	86529429	1	1	0
e5916941-3135-4a54-a047-35f554a226e7	chr10	86536728	86569869	0	0	0
e5916941-3135-4a54-a047-35f554a226e7	chr10	86571722	86577343	1	1	0
e5916941-3135-4a54-a047-35f554a226e7	chr10	86584222	90293657	0	0	0
e5916941-3135-4a54-a047-35f554a226e7	chr10	90294106	103895506	1	1	0
e5916941-3135-4a54-a047-35f554a226e7	chr10	103897386	103923736	0	0	0
e5916941-3135-4a54-a047-35f554a226e7	chr10	103924200	133654968	1	1	0
e5916941-3135-4a54-a047-35f554a226e7	chr11	198510	5880161	1	1	0
e5916941-3135-4a54-a047-35f554a226e7	chr11	5880200	16368048	2	1	1
e5916941-3135-4a54-a047-35f554a226e7	chr11	16368099	20650022	3	2	1
e5916941-3135-4a54-a047-35f554a226e7	chr11	20650206	68346534	2	1	1
e5916941-3135-4a54-a047-35f554a226e7	chr11	68352509	101540477	3	2	1
e5916941-3135-4a54-a047-35f554a226e7	chr11	101540671	101555866	1	1	0
e5916941-3135-4a54-a047-35f554a226e7	chr11	101558143	109001550	3	2	1
e5916941-3135-4a54-a047-35f554a226e7	chr11	109006689	125864487	2	1	1
e5916941-3135-4a54-a047-35f554a226e7	chr11	125865669	135074876	1	1	0
e5916941-3135-4a54-a047-35f554a226e7	chr12	51460	7104644	3	2	1
e5916941-3135-4a54-a047-35f554a226e7	chr12	7110842	24513917	4	3	1
e5916941-3135-4a54-a047-35f554a226e7	chr12	24514230	28882415	3	2	1
e5916941-3135-4a54-a047-35f554a226e7	chr12	28883514	37660183	2	1	1
e5916941-3135-4a54-a047-35f554a226e7	chr12	37660345	107261371	1	1	0
e5916941-3135-4a54-a047-35f554a226e7	chr12	107264444	114159850	2	1	1
e5916941-3135-4a54-a047-35f554a226e7	chr12	114160678	118579090	1	1	0
e5916941-3135-4a54-a047-35f554a226e7	chr12	118582339	132209767	2	2	0
e5916941-3135-4a54-a047-35f554a226e7	chr12	132210418	133201603	1	1	0
e5916941-3135-4a54-a047-35f554a226e7	chr13	18452809	35363665	2	1	1
e5916941-3135-4a54-a047-35f554a226e7	chr13	35364119	52184121	1	1	0
e5916941-3135-4a54-a047-35f554a226e7	chr13	52188534	102700673	2	2	0
e5916941-3135-4a54-a047-35f554a226e7	chr13	102700743	107994129	3	3	0
e5916941-3135-4a54-a047-35f554a226e7	chr13	107999177	108267313	2	2	0
e5916941-3135-4a54-a047-35f554a226e7	chr13	108268613	114342922	3	3	0
e5916941-3135-4a54-a047-35f554a226e7	chr14	18239283	33469690	2	1	1
e5916941-3135-4a54-a047-35f554a226e7	chr14	33470863	33693925	1	1	0
e5916941-3135-4a54-a047-35f554a226e7	chr14	33693939	58082531	2	1	1
e5916941-3135-4a54-a047-35f554a226e7	chr14	58088611	106877229	1	1	0
e5916941-3135-4a54-a047-35f554a226e7	chr15	19811075	25907020	2	1	1
e5916941-3135-4a54-a047-35f554a226e7	chr15	25907260	39295103	1	1	0
e5916941-3135-4a54-a047-35f554a226e7	chr15	39296025	39320842	0	0	0
e5916941-3135-4a54-a047-35f554a226e7	chr15	39321138	60823872	1	1	0
e5916941-3135-4a54-a047-35f554a226e7	chr15	60824683	85491251	2	1	1
e5916941-3135-4a54-a047-35f554a226e7	chr15	85493417	85536505	1	1	0
e5916941-3135-4a54-a047-35f554a226e7	chr15	85536603	101928837	2	1	1
e5916941-3135-4a54-a047-35f554a226e7	chr16	10777	1684363	2	2	0
e5916941-3135-4a54-a047-35f554a226e7	chr16	1687832	19626393	1	1	0
e5916941-3135-4a54-a047-35f554a226e7	chr16	19630569	21561437	3	2	1
e5916941-3135-4a54-a047-35f554a226e7	chr16	21561840	64918331	2	1	1
e5916941-3135-4a54-a047-35f554a226e7	chr16	64918638	64922510	2	2	0
e5916941-3135-4a54-a047-35f554a226e7	chr16	64922995	90096867	1	1	0
e5916941-3135-4a54-a047-35f554a226e7	chr17	150733	55812854	1	1	0
e5916941-3135-4a54-a047-35f554a226e7	chr17	55812910	55825552	2	2	0
e5916941-3135-4a54-a047-35f554a226e7	chr17	55827092	83091923	1	1	0
e5916941-3135-4a54-a047-35f554a226e7	chr18	48133	1902885	1	1	0
e5916941-3135-4a54-a047-35f554a226e7	chr18	1905357	1980786	0	0	0
e5916941-3135-4a54-a047-35f554a226e7	chr18	1986213	23903358	1	1	0
e5916941-3135-4a54-a047-35f554a226e7	chr18	23906380	30929271	2	2	0
e5916941-3135-4a54-a047-35f554a226e7	chr18	30930208	50993287	1	1	0
e5916941-3135-4a54-a047-35f554a226e7	chr18	50994103	64103651	3	3	0
e5916941-3135-4a54-a047-35f554a226e7	chr18	64105729	80257174	4	3	1
e5916941-3135-4a54-a047-35f554a226e7	chr19	90910	12591502	1	1	0
e5916941-3135-4a54-a047-35f554a226e7	chr19	12593981	24320970	2	1	1
e5916941-3135-4a54-a047-35f554a226e7	chr19	24320983	31009114	3	2	1
e5916941-3135-4a54-a047-35f554a226e7	chr19	31009267	31168559	2	1	1
e5916941-3135-4a54-a047-35f554a226e7	chr19	31168927	32645984	1	1	0
e5916941-3135-4a54-a047-35f554a226e7	chr19	32647161	42271778	2	1	1
e5916941-3135-4a54-a047-35f554a226e7	chr19	42296199	51440464	1	1	0
e5916941-3135-4a54-a047-35f554a226e7	chr19	51444030	57079489	2	1	1
e5916941-3135-4a54-a047-35f554a226e7	chr19	57079670	57994319	3	2	1
e5916941-3135-4a54-a047-35f554a226e7	chr19	57994702	58586487	2	1	1
e5916941-3135-4a54-a047-35f554a226e7	chr20	80664	7236588	3	2	1
e5916941-3135-4a54-a047-35f554a226e7	chr20	7236670	53681552	2	1	1
e5916941-3135-4a54-a047-35f554a226e7	chr20	53681994	61411413	3	2	1
e5916941-3135-4a54-a047-35f554a226e7	chr20	61414338	63567905	2	1	1
e5916941-3135-4a54-a047-35f554a226e7	chr20	63578528	64324800	3	2	1
e5916941-3135-4a54-a047-35f554a226e7	chr21	12973348	46677045	2	1	1
e5916941-3135-4a54-a047-35f554a226e7	chr22	16392123	50796027	2	1	1
e5916941-3135-4a54-a047-35f554a226e7	chrX	251810	57759022	1	1	0
e5916941-3135-4a54-a047-35f554a226e7	chrX	57759078	62990877	2	2	0
e5916941-3135-4a54-a047-35f554a226e7	chrX	62991498	91454088	2	1	1
e5916941-3135-4a54-a047-35f554a226e7	chrX	91454782	91455560	1	1	0
e5916941-3135-4a54-a047-35f554a226e7	chrX	91456049	124573888	2	1	1
e5916941-3135-4a54-a047-35f554a226e7	chrX	124575218	124577144	1	1	0
e5916941-3135-4a54-a047-35f554a226e7	chrX	124577155	127450453	2	1	1
e5916941-3135-4a54-a047-35f554a226e7	chrX	127451753	156004181	3	2	1
e5916941-3135-4a54-a047-35f554a226e7	chrY	2782397	56872112	0	0	0
