GDC_Aliquot	Chromosome	Start	End	Copy_Number	Major_Copy_Number	Minor_Copy_Number
a8f002eb-8a8f-4d7f-a93e-5b7b6fdeb975	chr1	62920	25256800	4	2	2
a8f002eb-8a8f-4d7f-a93e-5b7b6fdeb975	chr1	25256850	25320455	0	0	0
a8f002eb-8a8f-4d7f-a93e-5b7b6fdeb975	chr1	25336819	72245386	4	2	2
a8f002eb-8a8f-4d7f-a93e-5b7b6fdeb975	chr1	72245505	73192824	6	3	3
a8f002eb-8a8f-4d7f-a93e-5b7b6fdeb975	chr1	73198926	79061957	4	2	2
a8f002eb-8a8f-4d7f-a93e-5b7b6fdeb975	chr1	79070391	100732236	2	2	0
a8f002eb-8a8f-4d7f-a93e-5b7b6fdeb975	chr1	100733152	108152272	5	3	2
a8f002eb-8a8f-4d7f-a93e-5b7b6fdeb975	chr1	108155476	152583051	4	2	2
a8f002eb-8a8f-4d7f-a93e-5b7b6fdeb975	chr1	152583230	152613762	0	0	0
a8f002eb-8a8f-4d7f-a93e-5b7b6fdeb975	chr1	152613802	152787202	4	4	0
a8f002eb-8a8f-4d7f-a93e-5b7b6fdeb975	chr1	152789447	152796224	0	0	0
a8f002eb-8a8f-4d7f-a93e-5b7b6fdeb975	chr1	152801429	153495630	4	2	2
a8f002eb-8a8f-4d7f-a93e-5b7b6fdeb975	chr1	153496225	153937817	6	4	2
a8f002eb-8a8f-4d7f-a93e-5b7b6fdeb975	chr1	153938060	161831832	4	2	2
a8f002eb-8a8f-4d7f-a93e-5b7b6fdeb975	chr1	161832199	162049751	6	4	2
a8f002eb-8a8f-4d7f-a93e-5b7b6fdeb975	chr1	162050429	191036587	4	2	2
a8f002eb-8a8f-4d7f-a93e-5b7b6fdeb975	chr1	191036647	191132952	4	3	1
a8f002eb-8a8f-4d7f-a93e-5b7b6fdeb975	chr1	191133044	197788606	5	3	2
a8f002eb-8a8f-4d7f-a93e-5b7b6fdeb975	chr1	197788716	213353899	4	2	2
a8f002eb-8a8f-4d7f-a93e-5b7b6fdeb975	chr1	213356757	219881057	7	5	2
a8f002eb-8a8f-4d7f-a93e-5b7b6fdeb975	chr1	219881213	242842347	4	4	0
a8f002eb-8a8f-4d7f-a93e-5b7b6fdeb975	chr1	242842512	248930189	2	2	0
a8f002eb-8a8f-4d7f-a93e-5b7b6fdeb975	chr2	12784	52402579	4	2	2
a8f002eb-8a8f-4d7f-a93e-5b7b6fdeb975	chr2	52416477	52459333	1	1	0
a8f002eb-8a8f-4d7f-a93e-5b7b6fdeb975	chr2	52463808	158462714	4	2	2
a8f002eb-8a8f-4d7f-a93e-5b7b6fdeb975	chr2	158465687	159029271	7	5	2
a8f002eb-8a8f-4d7f-a93e-5b7b6fdeb975	chr2	159030324	162758589	4	2	2
a8f002eb-8a8f-4d7f-a93e-5b7b6fdeb975	chr2	162759443	184603875	6	4	2
a8f002eb-8a8f-4d7f-a93e-5b7b6fdeb975	chr2	184604136	242147305	4	2	2
a8f002eb-8a8f-4d7f-a93e-5b7b6fdeb975	chr3	20930	17279108	2	2	0
a8f002eb-8a8f-4d7f-a93e-5b7b6fdeb975	chr3	17279296	17311563	1	1	0
a8f002eb-8a8f-4d7f-a93e-5b7b6fdeb975	chr3	17311699	44963258	2	2	0
a8f002eb-8a8f-4d7f-a93e-5b7b6fdeb975	chr3	44964878	162153440	4	2	2
a8f002eb-8a8f-4d7f-a93e-5b7b6fdeb975	chr3	162153731	183573374	5	3	2
a8f002eb-8a8f-4d7f-a93e-5b7b6fdeb975	chr3	183573676	183823925	4	3	1
a8f002eb-8a8f-4d7f-a93e-5b7b6fdeb975	chr3	183827494	198169247	4	2	2
a8f002eb-8a8f-4d7f-a93e-5b7b6fdeb975	chr4	68929	10208339	2	2	0
a8f002eb-8a8f-4d7f-a93e-5b7b6fdeb975	chr4	10208489	10227159	1	1	0
a8f002eb-8a8f-4d7f-a93e-5b7b6fdeb975	chr4	10227178	10989142	2	2	0
a8f002eb-8a8f-4d7f-a93e-5b7b6fdeb975	chr4	10989245	11000904	1	1	0
a8f002eb-8a8f-4d7f-a93e-5b7b6fdeb975	chr4	11000981	18459555	2	2	0
a8f002eb-8a8f-4d7f-a93e-5b7b6fdeb975	chr4	18462349	18463819	4	4	0
a8f002eb-8a8f-4d7f-a93e-5b7b6fdeb975	chr4	18464261	23483349	2	2	0
a8f002eb-8a8f-4d7f-a93e-5b7b6fdeb975	chr4	23483389	23650847	0	0	0
a8f002eb-8a8f-4d7f-a93e-5b7b6fdeb975	chr4	23651593	28089544	2	2	0
a8f002eb-8a8f-4d7f-a93e-5b7b6fdeb975	chr4	28090577	28097047	1	1	0
a8f002eb-8a8f-4d7f-a93e-5b7b6fdeb975	chr4	28097209	68478894	2	2	0
a8f002eb-8a8f-4d7f-a93e-5b7b6fdeb975	chr4	68494770	68620122	5	5	0
a8f002eb-8a8f-4d7f-a93e-5b7b6fdeb975	chr4	68620261	83231820	2	2	0
a8f002eb-8a8f-4d7f-a93e-5b7b6fdeb975	chr4	83232305	83242900	1	1	0
a8f002eb-8a8f-4d7f-a93e-5b7b6fdeb975	chr4	83247115	137171085	2	2	0
a8f002eb-8a8f-4d7f-a93e-5b7b6fdeb975	chr4	137171266	137173967	0	0	0
a8f002eb-8a8f-4d7f-a93e-5b7b6fdeb975	chr4	137187209	165943927	2	2	0
a8f002eb-8a8f-4d7f-a93e-5b7b6fdeb975	chr4	165947123	166065042	0	0	0
a8f002eb-8a8f-4d7f-a93e-5b7b6fdeb975	chr4	166065374	190106768	2	2	0
a8f002eb-8a8f-4d7f-a93e-5b7b6fdeb975	chr5	15532	18416367	4	2	2
a8f002eb-8a8f-4d7f-a93e-5b7b6fdeb975	chr5	18416402	30084150	5	3	2
a8f002eb-8a8f-4d7f-a93e-5b7b6fdeb975	chr5	30085685	42962523	4	2	2
a8f002eb-8a8f-4d7f-a93e-5b7b6fdeb975	chr5	42963031	50146124	5	3	2
a8f002eb-8a8f-4d7f-a93e-5b7b6fdeb975	chr5	50151472	181363319	2	2	0
a8f002eb-8a8f-4d7f-a93e-5b7b6fdeb975	chr6	149661	5708560	3	2	1
a8f002eb-8a8f-4d7f-a93e-5b7b6fdeb975	chr6	5709995	78166180	4	2	2
a8f002eb-8a8f-4d7f-a93e-5b7b6fdeb975	chr6	78166217	91164486	2	2	0
a8f002eb-8a8f-4d7f-a93e-5b7b6fdeb975	chr6	91164787	91199411	0	0	0
a8f002eb-8a8f-4d7f-a93e-5b7b6fdeb975	chr6	91201260	170741917	2	2	0
a8f002eb-8a8f-4d7f-a93e-5b7b6fdeb975	chr7	43259	68490939	2	2	0
a8f002eb-8a8f-4d7f-a93e-5b7b6fdeb975	chr7	68490964	129737955	4	4	0
a8f002eb-8a8f-4d7f-a93e-5b7b6fdeb975	chr7	129739078	144683494	7	7	0
a8f002eb-8a8f-4d7f-a93e-5b7b6fdeb975	chr7	144690448	144914896	4	4	0
a8f002eb-8a8f-4d7f-a93e-5b7b6fdeb975	chr7	144915496	147555456	7	7	0
a8f002eb-8a8f-4d7f-a93e-5b7b6fdeb975	chr7	147556109	159334314	6	6	0
a8f002eb-8a8f-4d7f-a93e-5b7b6fdeb975	chr8	81254	1671745	2	2	0
a8f002eb-8a8f-4d7f-a93e-5b7b6fdeb975	chr8	1672135	2515990	4	2	2
a8f002eb-8a8f-4d7f-a93e-5b7b6fdeb975	chr8	2516137	2584755	2	2	0
a8f002eb-8a8f-4d7f-a93e-5b7b6fdeb975	chr8	2585844	14976915	4	2	2
a8f002eb-8a8f-4d7f-a93e-5b7b6fdeb975	chr8	14978756	15072918	2	2	0
a8f002eb-8a8f-4d7f-a93e-5b7b6fdeb975	chr8	15075158	25116961	4	2	2
a8f002eb-8a8f-4d7f-a93e-5b7b6fdeb975	chr8	25117007	25126708	0	0	0
a8f002eb-8a8f-4d7f-a93e-5b7b6fdeb975	chr8	25126735	27331151	4	2	2
a8f002eb-8a8f-4d7f-a93e-5b7b6fdeb975	chr8	27333517	27559284	6	4	2
a8f002eb-8a8f-4d7f-a93e-5b7b6fdeb975	chr8	27559507	65145623	4	2	2
a8f002eb-8a8f-4d7f-a93e-5b7b6fdeb975	chr8	65148517	65172250	3	2	1
a8f002eb-8a8f-4d7f-a93e-5b7b6fdeb975	chr8	65173561	104351673	4	2	2
a8f002eb-8a8f-4d7f-a93e-5b7b6fdeb975	chr8	104352366	123141277	5	3	2
a8f002eb-8a8f-4d7f-a93e-5b7b6fdeb975	chr8	123142087	125666707	7	5	2
a8f002eb-8a8f-4d7f-a93e-5b7b6fdeb975	chr8	125666976	145072769	9	7	2
a8f002eb-8a8f-4d7f-a93e-5b7b6fdeb975	chr9	46587	10170958	5	3	2
a8f002eb-8a8f-4d7f-a93e-5b7b6fdeb975	chr9	10171341	13673223	6	3	3
a8f002eb-8a8f-4d7f-a93e-5b7b6fdeb975	chr9	13673640	23538829	5	3	2
a8f002eb-8a8f-4d7f-a93e-5b7b6fdeb975	chr9	23539657	37983660	4	2	2
a8f002eb-8a8f-4d7f-a93e-5b7b6fdeb975	chr9	37983773	38024889	3	2	1
a8f002eb-8a8f-4d7f-a93e-5b7b6fdeb975	chr9	38026804	81495714	4	2	2
a8f002eb-8a8f-4d7f-a93e-5b7b6fdeb975	chr9	81495769	88542953	2	2	0
a8f002eb-8a8f-4d7f-a93e-5b7b6fdeb975	chr9	88544363	88913650	6	4	2
a8f002eb-8a8f-4d7f-a93e-5b7b6fdeb975	chr9	88913836	93054274	2	2	0
a8f002eb-8a8f-4d7f-a93e-5b7b6fdeb975	chr9	93056195	95511938	6	4	2
a8f002eb-8a8f-4d7f-a93e-5b7b6fdeb975	chr9	95515076	110135586	2	2	0
a8f002eb-8a8f-4d7f-a93e-5b7b6fdeb975	chr9	110137919	110637018	6	4	2
a8f002eb-8a8f-4d7f-a93e-5b7b6fdeb975	chr9	110640927	118229184	2	2	0
a8f002eb-8a8f-4d7f-a93e-5b7b6fdeb975	chr9	118229648	120979330	6	4	2
a8f002eb-8a8f-4d7f-a93e-5b7b6fdeb975	chr9	120980540	126684404	2	2	0
a8f002eb-8a8f-4d7f-a93e-5b7b6fdeb975	chr9	126688985	127565266	6	4	2
a8f002eb-8a8f-4d7f-a93e-5b7b6fdeb975	chr9	127567949	131163967	2	2	0
a8f002eb-8a8f-4d7f-a93e-5b7b6fdeb975	chr9	131164413	131582129	7	5	2
a8f002eb-8a8f-4d7f-a93e-5b7b6fdeb975	chr9	131582193	132513412	2	2	0
a8f002eb-8a8f-4d7f-a93e-5b7b6fdeb975	chr9	132515240	132525473	1	1	0
a8f002eb-8a8f-4d7f-a93e-5b7b6fdeb975	chr9	132525741	136374683	2	2	0
a8f002eb-8a8f-4d7f-a93e-5b7b6fdeb975	chr9	136374886	138200944	6	4	2
a8f002eb-8a8f-4d7f-a93e-5b7b6fdeb975	chr10	45792	2979432	5	3	2
a8f002eb-8a8f-4d7f-a93e-5b7b6fdeb975	chr10	2979743	3087867	3	3	0
a8f002eb-8a8f-4d7f-a93e-5b7b6fdeb975	chr10	3088581	14969326	5	3	2
a8f002eb-8a8f-4d7f-a93e-5b7b6fdeb975	chr10	14970362	30546644	3	2	1
a8f002eb-8a8f-4d7f-a93e-5b7b6fdeb975	chr10	30551213	30734815	2	2	0
a8f002eb-8a8f-4d7f-a93e-5b7b6fdeb975	chr10	30736907	45817039	3	2	1
a8f002eb-8a8f-4d7f-a93e-5b7b6fdeb975	chr10	45936113	46522571	5	3	2
a8f002eb-8a8f-4d7f-a93e-5b7b6fdeb975	chr10	46525652	75183468	3	2	1
a8f002eb-8a8f-4d7f-a93e-5b7b6fdeb975	chr10	75187279	75619586	5	4	1
a8f002eb-8a8f-4d7f-a93e-5b7b6fdeb975	chr10	75619754	85381885	3	2	1
a8f002eb-8a8f-4d7f-a93e-5b7b6fdeb975	chr10	85388308	85397718	6	4	2
a8f002eb-8a8f-4d7f-a93e-5b7b6fdeb975	chr10	85399065	133654968	3	2	1
a8f002eb-8a8f-4d7f-a93e-5b7b6fdeb975	chr11	198510	55067910	2	2	0
a8f002eb-8a8f-4d7f-a93e-5b7b6fdeb975	chr11	55068147	55587736	4	4	0
a8f002eb-8a8f-4d7f-a93e-5b7b6fdeb975	chr11	55588246	55706751	1	1	0
a8f002eb-8a8f-4d7f-a93e-5b7b6fdeb975	chr11	55707880	135074876	4	4	0
a8f002eb-8a8f-4d7f-a93e-5b7b6fdeb975	chr12	51460	2518647	4	2	2
a8f002eb-8a8f-4d7f-a93e-5b7b6fdeb975	chr12	2519078	12161075	3	2	1
a8f002eb-8a8f-4d7f-a93e-5b7b6fdeb975	chr12	12161874	18969982	4	2	2
a8f002eb-8a8f-4d7f-a93e-5b7b6fdeb975	chr12	18970613	19126589	9	7	2
a8f002eb-8a8f-4d7f-a93e-5b7b6fdeb975	chr12	19128483	28687716	7	5	2
a8f002eb-8a8f-4d7f-a93e-5b7b6fdeb975	chr12	28688133	34291867	4	2	2
a8f002eb-8a8f-4d7f-a93e-5b7b6fdeb975	chr12	34294984	34423775	8	4	4
a8f002eb-8a8f-4d7f-a93e-5b7b6fdeb975	chr12	34424876	106851669	4	2	2
a8f002eb-8a8f-4d7f-a93e-5b7b6fdeb975	chr12	106852561	107557587	2	2	0
a8f002eb-8a8f-4d7f-a93e-5b7b6fdeb975	chr12	107564620	108448086	4	2	2
a8f002eb-8a8f-4d7f-a93e-5b7b6fdeb975	chr12	108451400	108499324	1	1	0
a8f002eb-8a8f-4d7f-a93e-5b7b6fdeb975	chr12	108500835	114211317	4	2	2
a8f002eb-8a8f-4d7f-a93e-5b7b6fdeb975	chr12	114211564	114240933	3	2	1
a8f002eb-8a8f-4d7f-a93e-5b7b6fdeb975	chr12	114241063	129054784	4	2	2
a8f002eb-8a8f-4d7f-a93e-5b7b6fdeb975	chr12	129057207	129656899	6	4	2
a8f002eb-8a8f-4d7f-a93e-5b7b6fdeb975	chr12	129660862	133201603	4	2	2
a8f002eb-8a8f-4d7f-a93e-5b7b6fdeb975	chr13	18452809	106766502	2	2	0
a8f002eb-8a8f-4d7f-a93e-5b7b6fdeb975	chr13	106767166	106772237	3	3	0
a8f002eb-8a8f-4d7f-a93e-5b7b6fdeb975	chr13	106772279	114342922	2	2	0
a8f002eb-8a8f-4d7f-a93e-5b7b6fdeb975	chr14	18239283	106877229	2	2	0
a8f002eb-8a8f-4d7f-a93e-5b7b6fdeb975	chr15	19811075	101928837	2	2	0
a8f002eb-8a8f-4d7f-a93e-5b7b6fdeb975	chr16	10777	29940581	2	1	1
a8f002eb-8a8f-4d7f-a93e-5b7b6fdeb975	chr16	29946490	71721949	3	2	1
a8f002eb-8a8f-4d7f-a93e-5b7b6fdeb975	chr16	71726458	71909679	1	1	0
a8f002eb-8a8f-4d7f-a93e-5b7b6fdeb975	chr16	71913212	90096867	2	1	1
a8f002eb-8a8f-4d7f-a93e-5b7b6fdeb975	chr17	150733	83091923	2	2	0
a8f002eb-8a8f-4d7f-a93e-5b7b6fdeb975	chr18	48133	29390901	3	2	1
a8f002eb-8a8f-4d7f-a93e-5b7b6fdeb975	chr18	29391340	58057732	2	1	1
a8f002eb-8a8f-4d7f-a93e-5b7b6fdeb975	chr18	58058551	58058957	1	1	0
a8f002eb-8a8f-4d7f-a93e-5b7b6fdeb975	chr18	58061220	80257174	2	1	1
a8f002eb-8a8f-4d7f-a93e-5b7b6fdeb975	chr19	90910	8008977	2	2	0
a8f002eb-8a8f-4d7f-a93e-5b7b6fdeb975	chr19	8020411	14717925	4	2	2
a8f002eb-8a8f-4d7f-a93e-5b7b6fdeb975	chr19	14718564	14732896	2	1	1
a8f002eb-8a8f-4d7f-a93e-5b7b6fdeb975	chr19	14735488	14739275	4	2	2
a8f002eb-8a8f-4d7f-a93e-5b7b6fdeb975	chr19	14740184	15142600	2	2	0
a8f002eb-8a8f-4d7f-a93e-5b7b6fdeb975	chr19	15142887	18176991	4	2	2
a8f002eb-8a8f-4d7f-a93e-5b7b6fdeb975	chr19	18177512	30785425	5	3	2
a8f002eb-8a8f-4d7f-a93e-5b7b6fdeb975	chr19	30785698	34379802	4	2	2
a8f002eb-8a8f-4d7f-a93e-5b7b6fdeb975	chr19	34379860	34681608	1	1	0
a8f002eb-8a8f-4d7f-a93e-5b7b6fdeb975	chr19	34682640	58586487	4	2	2
a8f002eb-8a8f-4d7f-a93e-5b7b6fdeb975	chr20	80664	13696017	4	2	2
a8f002eb-8a8f-4d7f-a93e-5b7b6fdeb975	chr20	13700135	30230416	2	2	0
a8f002eb-8a8f-4d7f-a93e-5b7b6fdeb975	chr20	30234698	54407982	6	4	2
a8f002eb-8a8f-4d7f-a93e-5b7b6fdeb975	chr20	54413927	54438126	1	1	0
a8f002eb-8a8f-4d7f-a93e-5b7b6fdeb975	chr20	54439402	55141222	6	4	2
a8f002eb-8a8f-4d7f-a93e-5b7b6fdeb975	chr20	55145439	55335317	2	2	0
a8f002eb-8a8f-4d7f-a93e-5b7b6fdeb975	chr20	55338120	64324800	6	4	2
a8f002eb-8a8f-4d7f-a93e-5b7b6fdeb975	chr21	12973348	24417850	5	3	2
a8f002eb-8a8f-4d7f-a93e-5b7b6fdeb975	chr21	24418394	46677045	4	2	2
a8f002eb-8a8f-4d7f-a93e-5b7b6fdeb975	chr22	16392123	32318352	2	2	0
a8f002eb-8a8f-4d7f-a93e-5b7b6fdeb975	chr22	32318925	32508551	4	4	0
a8f002eb-8a8f-4d7f-a93e-5b7b6fdeb975	chr22	32508595	43433976	2	2	0
a8f002eb-8a8f-4d7f-a93e-5b7b6fdeb975	chr22	43435076	43457797	4	4	0
a8f002eb-8a8f-4d7f-a93e-5b7b6fdeb975	chr22	43458032	50796027	2	2	0
a8f002eb-8a8f-4d7f-a93e-5b7b6fdeb975	chrX	251810	11550549	2	2	0
a8f002eb-8a8f-4d7f-a93e-5b7b6fdeb975	chrX	11553892	11671173	1	1	0
a8f002eb-8a8f-4d7f-a93e-5b7b6fdeb975	chrX	11671303	27544645	2	2	0
a8f002eb-8a8f-4d7f-a93e-5b7b6fdeb975	chrX	27548200	27556281	1	1	0
a8f002eb-8a8f-4d7f-a93e-5b7b6fdeb975	chrX	27556294	82677564	2	2	0
a8f002eb-8a8f-4d7f-a93e-5b7b6fdeb975	chrX	82677715	82763232	0	0	0
a8f002eb-8a8f-4d7f-a93e-5b7b6fdeb975	chrX	82767312	156004181	2	2	0
a8f002eb-8a8f-4d7f-a93e-5b7b6fdeb975	chrY	2782397	26653788	0	0	0
a8f002eb-8a8f-4d7f-a93e-5b7b6fdeb975	chrY	56872112	56872112	5	5	0
