GDC_Aliquot	Chromosome	Start	End	Copy_Number	Major_Copy_Number	Minor_Copy_Number
b3ea5fa8-61c8-462e-b013-0e4d44fec679	chr1	62920	25256850	2	2	0
b3ea5fa8-61c8-462e-b013-0e4d44fec679	chr1	25266637	25336853	0	0	0
b3ea5fa8-61c8-462e-b013-0e4d44fec679	chr1	25346663	30296460	2	2	0
b3ea5fa8-61c8-462e-b013-0e4d44fec679	chr1	30300250	30947040	6	4	2
b3ea5fa8-61c8-462e-b013-0e4d44fec679	chr1	30957585	31033157	5	3	2
b3ea5fa8-61c8-462e-b013-0e4d44fec679	chr1	31038157	37323098	6	4	2
b3ea5fa8-61c8-462e-b013-0e4d44fec679	chr1	37323810	46236446	7	5	2
b3ea5fa8-61c8-462e-b013-0e4d44fec679	chr1	46239476	48124325	8	5	3
b3ea5fa8-61c8-462e-b013-0e4d44fec679	chr1	48124714	65909986	7	5	2
b3ea5fa8-61c8-462e-b013-0e4d44fec679	chr1	65911470	71967637	6	4	2
b3ea5fa8-61c8-462e-b013-0e4d44fec679	chr1	71967663	72589781	8	5	3
b3ea5fa8-61c8-462e-b013-0e4d44fec679	chr1	72591772	109425788	4	2	2
b3ea5fa8-61c8-462e-b013-0e4d44fec679	chr1	109426671	109819099	5	3	2
b3ea5fa8-61c8-462e-b013-0e4d44fec679	chr1	109820397	115957475	4	2	2
b3ea5fa8-61c8-462e-b013-0e4d44fec679	chr1	115957743	118511164	2	2	0
b3ea5fa8-61c8-462e-b013-0e4d44fec679	chr1	118511861	121705338	4	2	2
b3ea5fa8-61c8-462e-b013-0e4d44fec679	chr1	143541857	158486994	6	4	2
b3ea5fa8-61c8-462e-b013-0e4d44fec679	chr1	158491773	158519843	1	1	0
b3ea5fa8-61c8-462e-b013-0e4d44fec679	chr1	158519857	167102738	6	4	2
b3ea5fa8-61c8-462e-b013-0e4d44fec679	chr1	167105513	167119072	4	3	1
b3ea5fa8-61c8-462e-b013-0e4d44fec679	chr1	167120151	167133382	11	8	3
b3ea5fa8-61c8-462e-b013-0e4d44fec679	chr1	167133423	173810247	6	4	2
b3ea5fa8-61c8-462e-b013-0e4d44fec679	chr1	173810468	208166393	4	2	2
b3ea5fa8-61c8-462e-b013-0e4d44fec679	chr1	208169501	216851065	2	2	0
b3ea5fa8-61c8-462e-b013-0e4d44fec679	chr1	216851589	216909043	0	0	0
b3ea5fa8-61c8-462e-b013-0e4d44fec679	chr1	216911356	216916095	3	2	1
b3ea5fa8-61c8-462e-b013-0e4d44fec679	chr1	216918378	216929871	1	1	0
b3ea5fa8-61c8-462e-b013-0e4d44fec679	chr1	216930316	248930189	2	2	0
b3ea5fa8-61c8-462e-b013-0e4d44fec679	chr2	12784	13363606	5	4	1
b3ea5fa8-61c8-462e-b013-0e4d44fec679	chr2	13364376	20149742	3	2	1
b3ea5fa8-61c8-462e-b013-0e4d44fec679	chr2	20150990	20175557	5	3	2
b3ea5fa8-61c8-462e-b013-0e4d44fec679	chr2	20175571	28135467	3	2	1
b3ea5fa8-61c8-462e-b013-0e4d44fec679	chr2	28135612	28321626	5	3	2
b3ea5fa8-61c8-462e-b013-0e4d44fec679	chr2	28322242	29363820	6	4	2
b3ea5fa8-61c8-462e-b013-0e4d44fec679	chr2	29363881	34102690	3	2	1
b3ea5fa8-61c8-462e-b013-0e4d44fec679	chr2	34103510	66931923	4	2	2
b3ea5fa8-61c8-462e-b013-0e4d44fec679	chr2	66933939	71191920	3	2	1
b3ea5fa8-61c8-462e-b013-0e4d44fec679	chr2	71192836	105947290	4	2	2
b3ea5fa8-61c8-462e-b013-0e4d44fec679	chr2	105951893	105973293	2	1	1
b3ea5fa8-61c8-462e-b013-0e4d44fec679	chr2	105975403	113283164	4	2	2
b3ea5fa8-61c8-462e-b013-0e4d44fec679	chr2	113287135	113317768	6	4	2
b3ea5fa8-61c8-462e-b013-0e4d44fec679	chr2	113317789	128367345	4	2	2
b3ea5fa8-61c8-462e-b013-0e4d44fec679	chr2	128368398	146370912	5	3	2
b3ea5fa8-61c8-462e-b013-0e4d44fec679	chr2	146371798	153758032	3	2	1
b3ea5fa8-61c8-462e-b013-0e4d44fec679	chr2	153761124	154491464	5	3	2
b3ea5fa8-61c8-462e-b013-0e4d44fec679	chr2	154491542	154619653	8	5	3
b3ea5fa8-61c8-462e-b013-0e4d44fec679	chr2	154623103	161981247	6	4	2
b3ea5fa8-61c8-462e-b013-0e4d44fec679	chr2	161988897	162011281	1	1	0
b3ea5fa8-61c8-462e-b013-0e4d44fec679	chr2	162011352	162444752	2	2	0
b3ea5fa8-61c8-462e-b013-0e4d44fec679	chr2	162451845	173829121	6	4	2
b3ea5fa8-61c8-462e-b013-0e4d44fec679	chr2	173833572	195778566	5	3	2
b3ea5fa8-61c8-462e-b013-0e4d44fec679	chr2	195782064	205478335	3	3	0
b3ea5fa8-61c8-462e-b013-0e4d44fec679	chr2	205478802	205508677	0	0	0
b3ea5fa8-61c8-462e-b013-0e4d44fec679	chr2	205515245	237855510	3	3	0
b3ea5fa8-61c8-462e-b013-0e4d44fec679	chr2	237855582	242147305	5	3	2
b3ea5fa8-61c8-462e-b013-0e4d44fec679	chr3	20930	14455421	6	4	2
b3ea5fa8-61c8-462e-b013-0e4d44fec679	chr3	14455466	63282407	4	2	2
b3ea5fa8-61c8-462e-b013-0e4d44fec679	chr3	63282577	63287392	9	5	4
b3ea5fa8-61c8-462e-b013-0e4d44fec679	chr3	63287598	80716513	4	2	2
b3ea5fa8-61c8-462e-b013-0e4d44fec679	chr3	80724212	88154694	5	3	2
b3ea5fa8-61c8-462e-b013-0e4d44fec679	chr3	88164996	100187406	4	2	2
b3ea5fa8-61c8-462e-b013-0e4d44fec679	chr3	100187735	101866017	5	3	2
b3ea5fa8-61c8-462e-b013-0e4d44fec679	chr3	101866100	103703268	4	2	2
b3ea5fa8-61c8-462e-b013-0e4d44fec679	chr3	103704690	103769987	6	3	3
b3ea5fa8-61c8-462e-b013-0e4d44fec679	chr3	103771975	165422475	4	2	2
b3ea5fa8-61c8-462e-b013-0e4d44fec679	chr3	165426035	174311552	8	6	2
b3ea5fa8-61c8-462e-b013-0e4d44fec679	chr3	174312876	177198135	4	2	2
b3ea5fa8-61c8-462e-b013-0e4d44fec679	chr3	177201518	198169247	8	6	2
b3ea5fa8-61c8-462e-b013-0e4d44fec679	chr4	68929	10208766	4	2	2
b3ea5fa8-61c8-462e-b013-0e4d44fec679	chr4	10212536	10229874	0	0	0
b3ea5fa8-61c8-462e-b013-0e4d44fec679	chr4	10232590	57327426	4	2	2
b3ea5fa8-61c8-462e-b013-0e4d44fec679	chr4	57327610	57333643	2	1	1
b3ea5fa8-61c8-462e-b013-0e4d44fec679	chr4	57335391	75187778	4	2	2
b3ea5fa8-61c8-462e-b013-0e4d44fec679	chr4	75190744	76293891	7	5	2
b3ea5fa8-61c8-462e-b013-0e4d44fec679	chr4	76294699	80158777	3	2	1
b3ea5fa8-61c8-462e-b013-0e4d44fec679	chr4	80159650	102204332	2	2	0
b3ea5fa8-61c8-462e-b013-0e4d44fec679	chr4	102204616	102359525	1	1	0
b3ea5fa8-61c8-462e-b013-0e4d44fec679	chr4	102360733	106615826	2	2	0
b3ea5fa8-61c8-462e-b013-0e4d44fec679	chr4	106615966	141668950	3	2	1
b3ea5fa8-61c8-462e-b013-0e4d44fec679	chr4	141678054	145779805	5	3	2
b3ea5fa8-61c8-462e-b013-0e4d44fec679	chr4	145785472	146866209	6	3	3
b3ea5fa8-61c8-462e-b013-0e4d44fec679	chr4	146868730	160784059	5	3	2
b3ea5fa8-61c8-462e-b013-0e4d44fec679	chr4	160784890	160952848	4	2	2
b3ea5fa8-61c8-462e-b013-0e4d44fec679	chr4	160958866	160963756	0	0	0
b3ea5fa8-61c8-462e-b013-0e4d44fec679	chr4	160963767	190106768	4	2	2
b3ea5fa8-61c8-462e-b013-0e4d44fec679	chr5	15532	2189359	6	4	2
b3ea5fa8-61c8-462e-b013-0e4d44fec679	chr5	2190102	2222577	4	3	1
b3ea5fa8-61c8-462e-b013-0e4d44fec679	chr5	2228900	4485695	6	4	2
b3ea5fa8-61c8-462e-b013-0e4d44fec679	chr5	4490225	4939391	5	4	1
b3ea5fa8-61c8-462e-b013-0e4d44fec679	chr5	4943913	19240316	3	2	1
b3ea5fa8-61c8-462e-b013-0e4d44fec679	chr5	19240774	43434069	5	4	1
b3ea5fa8-61c8-462e-b013-0e4d44fec679	chr5	43435717	54532265	3	2	1
b3ea5fa8-61c8-462e-b013-0e4d44fec679	chr5	54533698	97441594	2	2	0
b3ea5fa8-61c8-462e-b013-0e4d44fec679	chr5	97443695	181363319	4	2	2
b3ea5fa8-61c8-462e-b013-0e4d44fec679	chr6	149661	5110165	5	3	2
b3ea5fa8-61c8-462e-b013-0e4d44fec679	chr6	5110539	5115362	3	2	1
b3ea5fa8-61c8-462e-b013-0e4d44fec679	chr6	5118017	6825550	5	3	2
b3ea5fa8-61c8-462e-b013-0e4d44fec679	chr6	6827023	10815112	9	6	3
b3ea5fa8-61c8-462e-b013-0e4d44fec679	chr6	10816673	11719790	8	5	3
b3ea5fa8-61c8-462e-b013-0e4d44fec679	chr6	11720896	17022758	9	6	3
b3ea5fa8-61c8-462e-b013-0e4d44fec679	chr6	17022877	17758990	10	6	4
b3ea5fa8-61c8-462e-b013-0e4d44fec679	chr6	17761682	18959054	12	8	4
b3ea5fa8-61c8-462e-b013-0e4d44fec679	chr6	18960352	25686643	10	6	4
b3ea5fa8-61c8-462e-b013-0e4d44fec679	chr6	25687311	27473829	6	4	2
b3ea5fa8-61c8-462e-b013-0e4d44fec679	chr6	27474468	34894219	4	2	2
b3ea5fa8-61c8-462e-b013-0e4d44fec679	chr6	34895939	38911747	3	2	1
b3ea5fa8-61c8-462e-b013-0e4d44fec679	chr6	38912519	41673751	4	2	2
b3ea5fa8-61c8-462e-b013-0e4d44fec679	chr6	41675648	77528187	3	2	1
b3ea5fa8-61c8-462e-b013-0e4d44fec679	chr6	77536799	77552024	4	3	1
b3ea5fa8-61c8-462e-b013-0e4d44fec679	chr6	77558139	122947445	3	2	1
b3ea5fa8-61c8-462e-b013-0e4d44fec679	chr6	122949812	129025279	2	2	0
b3ea5fa8-61c8-462e-b013-0e4d44fec679	chr6	129025508	129097052	0	0	0
b3ea5fa8-61c8-462e-b013-0e4d44fec679	chr6	129104333	170741917	2	2	0
b3ea5fa8-61c8-462e-b013-0e4d44fec679	chr7	43259	79263	6	5	1
b3ea5fa8-61c8-462e-b013-0e4d44fec679	chr7	81400	25959398	2	2	0
b3ea5fa8-61c8-462e-b013-0e4d44fec679	chr7	25960517	26523404	3	3	0
b3ea5fa8-61c8-462e-b013-0e4d44fec679	chr7	26525874	45195633	2	2	0
b3ea5fa8-61c8-462e-b013-0e4d44fec679	chr7	45201809	46139136	3	2	1
b3ea5fa8-61c8-462e-b013-0e4d44fec679	chr7	46143252	72742473	4	2	2
b3ea5fa8-61c8-462e-b013-0e4d44fec679	chr7	72746503	77388460	3	2	1
b3ea5fa8-61c8-462e-b013-0e4d44fec679	chr7	77391505	77471353	2	1	1
b3ea5fa8-61c8-462e-b013-0e4d44fec679	chr7	77471657	131515144	3	2	1
b3ea5fa8-61c8-462e-b013-0e4d44fec679	chr7	131517055	149664918	5	3	2
b3ea5fa8-61c8-462e-b013-0e4d44fec679	chr7	149664967	157335574	4	2	2
b3ea5fa8-61c8-462e-b013-0e4d44fec679	chr7	157336075	158368809	2	2	0
b3ea5fa8-61c8-462e-b013-0e4d44fec679	chr7	158371310	159334314	3	3	0
b3ea5fa8-61c8-462e-b013-0e4d44fec679	chr8	81254	6246467	4	4	0
b3ea5fa8-61c8-462e-b013-0e4d44fec679	chr8	6246752	6247583	8	8	0
b3ea5fa8-61c8-462e-b013-0e4d44fec679	chr8	6249906	11942145	4	4	0
b3ea5fa8-61c8-462e-b013-0e4d44fec679	chr8	11943671	28860826	2	2	0
b3ea5fa8-61c8-462e-b013-0e4d44fec679	chr8	28866154	55255087	4	2	2
b3ea5fa8-61c8-462e-b013-0e4d44fec679	chr8	55255101	73710548	6	4	2
b3ea5fa8-61c8-462e-b013-0e4d44fec679	chr8	73711231	81340502	4	2	2
b3ea5fa8-61c8-462e-b013-0e4d44fec679	chr8	81342696	88626551	3	2	1
b3ea5fa8-61c8-462e-b013-0e4d44fec679	chr8	88633429	94969050	6	4	2
b3ea5fa8-61c8-462e-b013-0e4d44fec679	chr8	94969333	103596608	10	6	4
b3ea5fa8-61c8-462e-b013-0e4d44fec679	chr8	103597041	107993017	11	7	4
b3ea5fa8-61c8-462e-b013-0e4d44fec679	chr8	107995152	115584965	9	5	4
b3ea5fa8-61c8-462e-b013-0e4d44fec679	chr8	115585182	115589175	15	8	7
b3ea5fa8-61c8-462e-b013-0e4d44fec679	chr8	115590776	135471458	8	4	4
b3ea5fa8-61c8-462e-b013-0e4d44fec679	chr8	135472147	139579986	9	5	4
b3ea5fa8-61c8-462e-b013-0e4d44fec679	chr8	139582115	143304874	8	5	3
b3ea5fa8-61c8-462e-b013-0e4d44fec679	chr8	143305733	144344210	11	8	3
b3ea5fa8-61c8-462e-b013-0e4d44fec679	chr8	144345543	145072769	10	6	4
b3ea5fa8-61c8-462e-b013-0e4d44fec679	chr9	46587	79213569	4	2	2
b3ea5fa8-61c8-462e-b013-0e4d44fec679	chr9	79214421	79301246	1	1	0
b3ea5fa8-61c8-462e-b013-0e4d44fec679	chr9	79302298	100226413	4	2	2
b3ea5fa8-61c8-462e-b013-0e4d44fec679	chr9	100228660	100316587	3	2	1
b3ea5fa8-61c8-462e-b013-0e4d44fec679	chr9	100323471	124773713	4	2	2
b3ea5fa8-61c8-462e-b013-0e4d44fec679	chr9	124773988	124784761	6	4	2
b3ea5fa8-61c8-462e-b013-0e4d44fec679	chr9	124788857	124836882	4	3	1
b3ea5fa8-61c8-462e-b013-0e4d44fec679	chr9	124837029	125907584	6	4	2
b3ea5fa8-61c8-462e-b013-0e4d44fec679	chr9	125908316	137552354	5	3	2
b3ea5fa8-61c8-462e-b013-0e4d44fec679	chr9	137553353	138200944	7	4	3
b3ea5fa8-61c8-462e-b013-0e4d44fec679	chr10	45792	2712714	2	2	0
b3ea5fa8-61c8-462e-b013-0e4d44fec679	chr10	2715145	3825592	3	2	1
b3ea5fa8-61c8-462e-b013-0e4d44fec679	chr10	3825890	14675100	2	1	1
b3ea5fa8-61c8-462e-b013-0e4d44fec679	chr10	14678900	14689487	1	1	0
b3ea5fa8-61c8-462e-b013-0e4d44fec679	chr10	14689838	36145263	2	1	1
b3ea5fa8-61c8-462e-b013-0e4d44fec679	chr10	36147380	36315963	6	5	1
b3ea5fa8-61c8-462e-b013-0e4d44fec679	chr10	36318952	37165469	4	3	1
b3ea5fa8-61c8-462e-b013-0e4d44fec679	chr10	37165778	38651086	5	3	2
b3ea5fa8-61c8-462e-b013-0e4d44fec679	chr10	38651287	69692529	4	2	2
b3ea5fa8-61c8-462e-b013-0e4d44fec679	chr10	69696079	69710969	7	4	3
b3ea5fa8-61c8-462e-b013-0e4d44fec679	chr10	69714737	103040287	4	2	2
b3ea5fa8-61c8-462e-b013-0e4d44fec679	chr10	103041497	105040454	2	2	0
b3ea5fa8-61c8-462e-b013-0e4d44fec679	chr10	105040529	107273982	1	1	0
b3ea5fa8-61c8-462e-b013-0e4d44fec679	chr10	107275649	107711573	2	2	0
b3ea5fa8-61c8-462e-b013-0e4d44fec679	chr10	107711624	118847378	3	3	0
b3ea5fa8-61c8-462e-b013-0e4d44fec679	chr10	118848751	119619877	2	2	0
b3ea5fa8-61c8-462e-b013-0e4d44fec679	chr10	119620252	129675776	3	3	0
b3ea5fa8-61c8-462e-b013-0e4d44fec679	chr10	129675983	132075327	2	2	0
b3ea5fa8-61c8-462e-b013-0e4d44fec679	chr10	132079701	133654968	3	3	0
b3ea5fa8-61c8-462e-b013-0e4d44fec679	chr11	198510	33075849	2	2	0
b3ea5fa8-61c8-462e-b013-0e4d44fec679	chr11	33080705	33097297	8	8	0
b3ea5fa8-61c8-462e-b013-0e4d44fec679	chr11	33109517	33120524	8	7	1
b3ea5fa8-61c8-462e-b013-0e4d44fec679	chr11	33121418	39907385	6	4	2
b3ea5fa8-61c8-462e-b013-0e4d44fec679	chr11	39907613	65489985	4	2	2
b3ea5fa8-61c8-462e-b013-0e4d44fec679	chr11	65491446	66787273	7	5	2
b3ea5fa8-61c8-462e-b013-0e4d44fec679	chr11	66788361	86482192	4	2	2
b3ea5fa8-61c8-462e-b013-0e4d44fec679	chr11	86482561	86497873	6	3	3
b3ea5fa8-61c8-462e-b013-0e4d44fec679	chr11	86498514	95739362	4	2	2
b3ea5fa8-61c8-462e-b013-0e4d44fec679	chr11	95740201	95807560	2	1	1
b3ea5fa8-61c8-462e-b013-0e4d44fec679	chr11	95808218	108993158	4	2	2
b3ea5fa8-61c8-462e-b013-0e4d44fec679	chr11	108995616	109091953	6	4	2
b3ea5fa8-61c8-462e-b013-0e4d44fec679	chr11	109092790	112388656	4	2	2
b3ea5fa8-61c8-462e-b013-0e4d44fec679	chr11	112389962	112435599	5	3	2
b3ea5fa8-61c8-462e-b013-0e4d44fec679	chr11	112436471	135074876	4	2	2
b3ea5fa8-61c8-462e-b013-0e4d44fec679	chr12	51460	13347305	2	2	0
b3ea5fa8-61c8-462e-b013-0e4d44fec679	chr12	13347611	13489135	1	1	0
b3ea5fa8-61c8-462e-b013-0e4d44fec679	chr12	13491712	34307094	2	2	0
b3ea5fa8-61c8-462e-b013-0e4d44fec679	chr12	34307158	34462784	3	3	0
b3ea5fa8-61c8-462e-b013-0e4d44fec679	chr12	34464258	47237238	4	2	2
b3ea5fa8-61c8-462e-b013-0e4d44fec679	chr12	47237446	48459682	6	4	2
b3ea5fa8-61c8-462e-b013-0e4d44fec679	chr12	48465600	132722690	4	2	2
b3ea5fa8-61c8-462e-b013-0e4d44fec679	chr12	132726449	133201603	2	2	0
b3ea5fa8-61c8-462e-b013-0e4d44fec679	chr13	18452809	81892831	2	2	0
b3ea5fa8-61c8-462e-b013-0e4d44fec679	chr13	81892888	81911232	3	3	0
b3ea5fa8-61c8-462e-b013-0e4d44fec679	chr13	81911399	110062010	2	2	0
b3ea5fa8-61c8-462e-b013-0e4d44fec679	chr13	110062321	114342922	3	3	0
b3ea5fa8-61c8-462e-b013-0e4d44fec679	chr14	18239283	19955213	8	5	3
b3ea5fa8-61c8-462e-b013-0e4d44fec679	chr14	19956767	20390015	5	3	2
b3ea5fa8-61c8-462e-b013-0e4d44fec679	chr14	20390854	22069113	4	2	2
b3ea5fa8-61c8-462e-b013-0e4d44fec679	chr14	22075325	22431928	3	2	1
b3ea5fa8-61c8-462e-b013-0e4d44fec679	chr14	22445002	49328878	4	2	2
b3ea5fa8-61c8-462e-b013-0e4d44fec679	chr14	49329495	49339557	5	3	2
b3ea5fa8-61c8-462e-b013-0e4d44fec679	chr14	49340470	78857249	4	2	2
b3ea5fa8-61c8-462e-b013-0e4d44fec679	chr14	78860039	87060245	5	3	2
b3ea5fa8-61c8-462e-b013-0e4d44fec679	chr14	87060544	98568588	4	2	2
b3ea5fa8-61c8-462e-b013-0e4d44fec679	chr14	98569702	104940132	3	2	1
b3ea5fa8-61c8-462e-b013-0e4d44fec679	chr14	104941461	106877229	5	4	1
b3ea5fa8-61c8-462e-b013-0e4d44fec679	chr15	19811075	25791058	4	2	2
b3ea5fa8-61c8-462e-b013-0e4d44fec679	chr15	25791928	25809665	6	3	3
b3ea5fa8-61c8-462e-b013-0e4d44fec679	chr15	25809748	34800842	4	2	2
b3ea5fa8-61c8-462e-b013-0e4d44fec679	chr15	34801031	37854355	2	2	0
b3ea5fa8-61c8-462e-b013-0e4d44fec679	chr15	37854926	37866790	3	3	0
b3ea5fa8-61c8-462e-b013-0e4d44fec679	chr15	37866853	48038137	2	2	0
b3ea5fa8-61c8-462e-b013-0e4d44fec679	chr15	48041416	72000474	4	2	2
b3ea5fa8-61c8-462e-b013-0e4d44fec679	chr15	72002511	101928837	2	2	0
b3ea5fa8-61c8-462e-b013-0e4d44fec679	chr16	10777	602298	3	3	0
b3ea5fa8-61c8-462e-b013-0e4d44fec679	chr16	602783	2744825	5	3	2
b3ea5fa8-61c8-462e-b013-0e4d44fec679	chr16	2749691	36048855	4	2	2
b3ea5fa8-61c8-462e-b013-0e4d44fec679	chr16	46441986	48942656	4	3	1
b3ea5fa8-61c8-462e-b013-0e4d44fec679	chr16	48942968	54152525	3	2	1
b3ea5fa8-61c8-462e-b013-0e4d44fec679	chr16	54152640	73502184	2	2	0
b3ea5fa8-61c8-462e-b013-0e4d44fec679	chr16	73502601	90096867	3	2	1
b3ea5fa8-61c8-462e-b013-0e4d44fec679	chr17	150733	729665	5	5	0
b3ea5fa8-61c8-462e-b013-0e4d44fec679	chr17	739688	27769741	2	2	0
b3ea5fa8-61c8-462e-b013-0e4d44fec679	chr17	27770105	27789822	0	0	0
b3ea5fa8-61c8-462e-b013-0e4d44fec679	chr17	27789870	33330657	2	2	0
b3ea5fa8-61c8-462e-b013-0e4d44fec679	chr17	33332489	33352174	3	3	0
b3ea5fa8-61c8-462e-b013-0e4d44fec679	chr17	33353870	46571001	2	2	0
b3ea5fa8-61c8-462e-b013-0e4d44fec679	chr17	46664059	75284956	4	4	0
b3ea5fa8-61c8-462e-b013-0e4d44fec679	chr17	75285425	78634465	5	5	0
b3ea5fa8-61c8-462e-b013-0e4d44fec679	chr17	78634513	83091923	6	6	0
b3ea5fa8-61c8-462e-b013-0e4d44fec679	chr18	48133	25971642	4	2	2
b3ea5fa8-61c8-462e-b013-0e4d44fec679	chr18	25973094	46000763	5	3	2
b3ea5fa8-61c8-462e-b013-0e4d44fec679	chr18	46001970	63708396	6	4	2
b3ea5fa8-61c8-462e-b013-0e4d44fec679	chr18	63711936	74180746	2	2	0
b3ea5fa8-61c8-462e-b013-0e4d44fec679	chr18	74183371	80257174	3	3	0
b3ea5fa8-61c8-462e-b013-0e4d44fec679	chr19	90910	5870270	4	3	1
b3ea5fa8-61c8-462e-b013-0e4d44fec679	chr19	5873740	6747383	5	3	2
b3ea5fa8-61c8-462e-b013-0e4d44fec679	chr19	6754996	9128497	3	2	1
b3ea5fa8-61c8-462e-b013-0e4d44fec679	chr19	9130881	16284785	5	3	2
b3ea5fa8-61c8-462e-b013-0e4d44fec679	chr19	16287558	36549757	4	2	2
b3ea5fa8-61c8-462e-b013-0e4d44fec679	chr19	36550203	37618621	2	1	1
b3ea5fa8-61c8-462e-b013-0e4d44fec679	chr19	37623392	39207334	4	4	0
b3ea5fa8-61c8-462e-b013-0e4d44fec679	chr19	39208725	58586487	2	2	0
b3ea5fa8-61c8-462e-b013-0e4d44fec679	chr20	80664	7636694	4	2	2
b3ea5fa8-61c8-462e-b013-0e4d44fec679	chr20	7642179	20554225	2	2	0
b3ea5fa8-61c8-462e-b013-0e4d44fec679	chr20	20559046	46997740	4	2	2
b3ea5fa8-61c8-462e-b013-0e4d44fec679	chr20	46998212	47097553	6	4	2
b3ea5fa8-61c8-462e-b013-0e4d44fec679	chr20	47097632	64324800	4	2	2
b3ea5fa8-61c8-462e-b013-0e4d44fec679	chr21	12973348	17279271	5	3	2
b3ea5fa8-61c8-462e-b013-0e4d44fec679	chr21	17279457	30446193	4	2	2
b3ea5fa8-61c8-462e-b013-0e4d44fec679	chr21	30446376	30461034	8	4	4
b3ea5fa8-61c8-462e-b013-0e4d44fec679	chr21	30461342	33142690	4	2	2
b3ea5fa8-61c8-462e-b013-0e4d44fec679	chr21	33142704	46677045	5	3	2
b3ea5fa8-61c8-462e-b013-0e4d44fec679	chr22	16392123	23378397	4	2	2
b3ea5fa8-61c8-462e-b013-0e4d44fec679	chr22	23378474	29144142	2	2	0
b3ea5fa8-61c8-462e-b013-0e4d44fec679	chr22	29147148	29508226	4	2	2
b3ea5fa8-61c8-462e-b013-0e4d44fec679	chr22	29508530	31211356	6	4	2
b3ea5fa8-61c8-462e-b013-0e4d44fec679	chr22	31218449	42970824	2	2	0
b3ea5fa8-61c8-462e-b013-0e4d44fec679	chr22	42972618	43000103	0	0	0
b3ea5fa8-61c8-462e-b013-0e4d44fec679	chr22	43000439	49368640	2	2	0
b3ea5fa8-61c8-462e-b013-0e4d44fec679	chr22	49371508	49399568	0	0	0
b3ea5fa8-61c8-462e-b013-0e4d44fec679	chr22	49399923	50796027	2	2	0
b3ea5fa8-61c8-462e-b013-0e4d44fec679	chrX	251810	9146936	3	2	1
b3ea5fa8-61c8-462e-b013-0e4d44fec679	chrX	9154902	15852952	4	2	2
b3ea5fa8-61c8-462e-b013-0e4d44fec679	chrX	15856115	31222788	5	3	2
b3ea5fa8-61c8-462e-b013-0e4d44fec679	chrX	31222909	31728828	4	2	2
b3ea5fa8-61c8-462e-b013-0e4d44fec679	chrX	31728877	38437904	5	3	2
b3ea5fa8-61c8-462e-b013-0e4d44fec679	chrX	38438304	38473895	4	2	2
b3ea5fa8-61c8-462e-b013-0e4d44fec679	chrX	38473983	43205396	5	3	2
b3ea5fa8-61c8-462e-b013-0e4d44fec679	chrX	43205652	44795709	4	2	2
b3ea5fa8-61c8-462e-b013-0e4d44fec679	chrX	44801079	48231336	5	3	2
b3ea5fa8-61c8-462e-b013-0e4d44fec679	chrX	48231416	56710928	4	3	1
b3ea5fa8-61c8-462e-b013-0e4d44fec679	chrX	56714656	58038479	5	3	2
b3ea5fa8-61c8-462e-b013-0e4d44fec679	chrX	58038769	75638803	4	2	2
b3ea5fa8-61c8-462e-b013-0e4d44fec679	chrX	75639782	75786640	2	1	1
b3ea5fa8-61c8-462e-b013-0e4d44fec679	chrX	75786791	95141627	4	2	2
b3ea5fa8-61c8-462e-b013-0e4d44fec679	chrX	95141864	95158595	7	4	3
b3ea5fa8-61c8-462e-b013-0e4d44fec679	chrX	95159272	122230354	4	2	2
b3ea5fa8-61c8-462e-b013-0e4d44fec679	chrX	122230786	122312016	5	3	2
b3ea5fa8-61c8-462e-b013-0e4d44fec679	chrX	122312569	133385232	4	2	2
b3ea5fa8-61c8-462e-b013-0e4d44fec679	chrX	133389979	156004181	6	4	2
b3ea5fa8-61c8-462e-b013-0e4d44fec679	chrY	2782397	26653788	0	0	0
b3ea5fa8-61c8-462e-b013-0e4d44fec679	chrY	56872112	56872112	30	30	0
