GDC_Aliquot	Chromosome	Start	End	Copy_Number	Major_Copy_Number	Minor_Copy_Number
0e7ef489-ce94-4404-8506-31d4b6cd02b9	chr1	62920	1362366	3	2	1
0e7ef489-ce94-4404-8506-31d4b6cd02b9	chr1	1376336	6521683	2	1	1
0e7ef489-ce94-4404-8506-31d4b6cd02b9	chr1	6521817	6939800	3	2	1
0e7ef489-ce94-4404-8506-31d4b6cd02b9	chr1	6941389	8131732	4	2	2
0e7ef489-ce94-4404-8506-31d4b6cd02b9	chr1	8132566	10298533	3	2	1
0e7ef489-ce94-4404-8506-31d4b6cd02b9	chr1	10305205	11730630	2	1	1
0e7ef489-ce94-4404-8506-31d4b6cd02b9	chr1	11732615	12080531	3	2	1
0e7ef489-ce94-4404-8506-31d4b6cd02b9	chr1	12082106	15954128	2	1	1
0e7ef489-ce94-4404-8506-31d4b6cd02b9	chr1	15956281	16204355	3	2	1
0e7ef489-ce94-4404-8506-31d4b6cd02b9	chr1	16208151	23277512	2	1	1
0e7ef489-ce94-4404-8506-31d4b6cd02b9	chr1	23279453	24843119	3	2	1
0e7ef489-ce94-4404-8506-31d4b6cd02b9	chr1	24843384	32239184	2	1	1
0e7ef489-ce94-4404-8506-31d4b6cd02b9	chr1	32239514	33518706	4	3	1
0e7ef489-ce94-4404-8506-31d4b6cd02b9	chr1	33520233	34226138	3	2	1
0e7ef489-ce94-4404-8506-31d4b6cd02b9	chr1	34231887	34327949	2	1	1
0e7ef489-ce94-4404-8506-31d4b6cd02b9	chr1	34328173	34974504	3	2	1
0e7ef489-ce94-4404-8506-31d4b6cd02b9	chr1	34981656	36754792	2	1	1
0e7ef489-ce94-4404-8506-31d4b6cd02b9	chr1	36755120	39053488	3	2	1
0e7ef489-ce94-4404-8506-31d4b6cd02b9	chr1	39056689	40455233	2	1	1
0e7ef489-ce94-4404-8506-31d4b6cd02b9	chr1	40455566	40722850	3	2	1
0e7ef489-ce94-4404-8506-31d4b6cd02b9	chr1	40722921	72280850	2	1	1
0e7ef489-ce94-4404-8506-31d4b6cd02b9	chr1	72280864	72450161	4	2	2
0e7ef489-ce94-4404-8506-31d4b6cd02b9	chr1	72450302	77901621	2	1	1
0e7ef489-ce94-4404-8506-31d4b6cd02b9	chr1	77905306	79153945	3	2	1
0e7ef489-ce94-4404-8506-31d4b6cd02b9	chr1	79154052	81238791	2	1	1
0e7ef489-ce94-4404-8506-31d4b6cd02b9	chr1	81238897	81466237	4	3	1
0e7ef489-ce94-4404-8506-31d4b6cd02b9	chr1	81466904	81523026	3	2	1
0e7ef489-ce94-4404-8506-31d4b6cd02b9	chr1	81523735	81819382	4	3	1
0e7ef489-ce94-4404-8506-31d4b6cd02b9	chr1	81821329	99954591	2	1	1
0e7ef489-ce94-4404-8506-31d4b6cd02b9	chr1	99960998	100582174	3	2	1
0e7ef489-ce94-4404-8506-31d4b6cd02b9	chr1	100583756	121705338	2	1	1
0e7ef489-ce94-4404-8506-31d4b6cd02b9	chr1	143541857	156472463	3	2	1
0e7ef489-ce94-4404-8506-31d4b6cd02b9	chr1	156473440	162386680	2	1	1
0e7ef489-ce94-4404-8506-31d4b6cd02b9	chr1	162387993	166954639	3	2	1
0e7ef489-ce94-4404-8506-31d4b6cd02b9	chr1	166961396	191570021	2	1	1
0e7ef489-ce94-4404-8506-31d4b6cd02b9	chr1	191572177	193743286	3	2	1
0e7ef489-ce94-4404-8506-31d4b6cd02b9	chr1	193746867	202615009	2	1	1
0e7ef489-ce94-4404-8506-31d4b6cd02b9	chr1	202616454	203031001	4	2	2
0e7ef489-ce94-4404-8506-31d4b6cd02b9	chr1	203034513	204860314	3	2	1
0e7ef489-ce94-4404-8506-31d4b6cd02b9	chr1	204860943	209203205	2	1	1
0e7ef489-ce94-4404-8506-31d4b6cd02b9	chr1	209204430	213219764	3	2	1
0e7ef489-ce94-4404-8506-31d4b6cd02b9	chr1	213220269	216760996	2	1	1
0e7ef489-ce94-4404-8506-31d4b6cd02b9	chr1	216762639	217558206	3	2	1
0e7ef489-ce94-4404-8506-31d4b6cd02b9	chr1	217558527	222945107	2	1	1
0e7ef489-ce94-4404-8506-31d4b6cd02b9	chr1	222949976	226097437	3	2	1
0e7ef489-ce94-4404-8506-31d4b6cd02b9	chr1	226097450	234202673	2	1	1
0e7ef489-ce94-4404-8506-31d4b6cd02b9	chr1	234203025	234702375	3	2	1
0e7ef489-ce94-4404-8506-31d4b6cd02b9	chr1	234702754	239187428	2	1	1
0e7ef489-ce94-4404-8506-31d4b6cd02b9	chr1	239187470	239411397	3	2	1
0e7ef489-ce94-4404-8506-31d4b6cd02b9	chr1	239414808	240593549	2	1	1
0e7ef489-ce94-4404-8506-31d4b6cd02b9	chr1	240598306	240808661	3	2	1
0e7ef489-ce94-4404-8506-31d4b6cd02b9	chr1	240809442	245671796	2	1	1
0e7ef489-ce94-4404-8506-31d4b6cd02b9	chr1	245674499	245961389	3	2	1
0e7ef489-ce94-4404-8506-31d4b6cd02b9	chr1	245961534	248930189	2	1	1
0e7ef489-ce94-4404-8506-31d4b6cd02b9	chr2	12784	5604925	2	1	1
0e7ef489-ce94-4404-8506-31d4b6cd02b9	chr2	5612100	6250154	3	2	1
0e7ef489-ce94-4404-8506-31d4b6cd02b9	chr2	6251185	14924462	2	1	1
0e7ef489-ce94-4404-8506-31d4b6cd02b9	chr2	14930968	16302822	3	2	1
0e7ef489-ce94-4404-8506-31d4b6cd02b9	chr2	16303452	27227856	2	1	1
0e7ef489-ce94-4404-8506-31d4b6cd02b9	chr2	27228231	28076062	3	2	1
0e7ef489-ce94-4404-8506-31d4b6cd02b9	chr2	28078484	28463888	4	2	2
0e7ef489-ce94-4404-8506-31d4b6cd02b9	chr2	28464176	29251346	6	4	2
0e7ef489-ce94-4404-8506-31d4b6cd02b9	chr2	29251636	29666923	5	3	2
0e7ef489-ce94-4404-8506-31d4b6cd02b9	chr2	29668423	32959228	3	2	1
0e7ef489-ce94-4404-8506-31d4b6cd02b9	chr2	32960235	41871260	2	1	1
0e7ef489-ce94-4404-8506-31d4b6cd02b9	chr2	41871699	43118539	3	2	1
0e7ef489-ce94-4404-8506-31d4b6cd02b9	chr2	43118875	50138061	2	1	1
0e7ef489-ce94-4404-8506-31d4b6cd02b9	chr2	50138589	50189279	3	2	1
0e7ef489-ce94-4404-8506-31d4b6cd02b9	chr2	50189697	60090082	2	1	1
0e7ef489-ce94-4404-8506-31d4b6cd02b9	chr2	60090260	60346171	3	2	1
0e7ef489-ce94-4404-8506-31d4b6cd02b9	chr2	60346785	64567157	2	1	1
0e7ef489-ce94-4404-8506-31d4b6cd02b9	chr2	64567365	65769142	3	2	1
0e7ef489-ce94-4404-8506-31d4b6cd02b9	chr2	65770838	75238974	2	1	1
0e7ef489-ce94-4404-8506-31d4b6cd02b9	chr2	75241042	75663479	3	2	1
0e7ef489-ce94-4404-8506-31d4b6cd02b9	chr2	75663915	76585707	2	1	1
0e7ef489-ce94-4404-8506-31d4b6cd02b9	chr2	76586063	76734392	3	2	1
0e7ef489-ce94-4404-8506-31d4b6cd02b9	chr2	76734627	88834118	2	1	1
0e7ef489-ce94-4404-8506-31d4b6cd02b9	chr2	88836539	89133584	5	5	0
0e7ef489-ce94-4404-8506-31d4b6cd02b9	chr2	89144616	120388188	2	1	1
0e7ef489-ce94-4404-8506-31d4b6cd02b9	chr2	120397611	121866049	4	3	1
0e7ef489-ce94-4404-8506-31d4b6cd02b9	chr2	121867667	128889776	3	2	1
0e7ef489-ce94-4404-8506-31d4b6cd02b9	chr2	128890534	130853661	4	2	2
0e7ef489-ce94-4404-8506-31d4b6cd02b9	chr2	130855629	132423798	3	2	1
0e7ef489-ce94-4404-8506-31d4b6cd02b9	chr2	132424493	132430533	6	4	2
0e7ef489-ce94-4404-8506-31d4b6cd02b9	chr2	132431666	134959670	3	2	1
0e7ef489-ce94-4404-8506-31d4b6cd02b9	chr2	134959714	135243645	4	3	1
0e7ef489-ce94-4404-8506-31d4b6cd02b9	chr2	135246227	140474737	3	2	1
0e7ef489-ce94-4404-8506-31d4b6cd02b9	chr2	140480426	140625258	4	2	2
0e7ef489-ce94-4404-8506-31d4b6cd02b9	chr2	140625414	149143008	3	2	1
0e7ef489-ce94-4404-8506-31d4b6cd02b9	chr2	149143228	149161685	4	3	1
0e7ef489-ce94-4404-8506-31d4b6cd02b9	chr2	149162146	152097623	3	2	1
0e7ef489-ce94-4404-8506-31d4b6cd02b9	chr2	152100519	152651904	4	2	2
0e7ef489-ce94-4404-8506-31d4b6cd02b9	chr2	152654743	153014822	3	2	1
0e7ef489-ce94-4404-8506-31d4b6cd02b9	chr2	153015126	153449362	4	3	1
0e7ef489-ce94-4404-8506-31d4b6cd02b9	chr2	153449514	158606479	3	2	1
0e7ef489-ce94-4404-8506-31d4b6cd02b9	chr2	158607679	161231798	4	2	2
0e7ef489-ce94-4404-8506-31d4b6cd02b9	chr2	161231811	163855482	3	2	1
0e7ef489-ce94-4404-8506-31d4b6cd02b9	chr2	163859127	168320256	4	3	1
0e7ef489-ce94-4404-8506-31d4b6cd02b9	chr2	168323466	175907541	3	2	1
0e7ef489-ce94-4404-8506-31d4b6cd02b9	chr2	175908229	177753050	4	2	2
0e7ef489-ce94-4404-8506-31d4b6cd02b9	chr2	177755344	183458238	3	2	1
0e7ef489-ce94-4404-8506-31d4b6cd02b9	chr2	183458725	183671197	4	2	2
0e7ef489-ce94-4404-8506-31d4b6cd02b9	chr2	183671770	184426225	3	2	1
0e7ef489-ce94-4404-8506-31d4b6cd02b9	chr2	184429850	184902185	4	3	1
0e7ef489-ce94-4404-8506-31d4b6cd02b9	chr2	184903127	192529660	3	2	1
0e7ef489-ce94-4404-8506-31d4b6cd02b9	chr2	192530732	195859529	4	3	1
0e7ef489-ce94-4404-8506-31d4b6cd02b9	chr2	195859765	212020431	3	2	1
0e7ef489-ce94-4404-8506-31d4b6cd02b9	chr2	212023163	242147305	2	2	0
0e7ef489-ce94-4404-8506-31d4b6cd02b9	chr3	20930	8971202	1	1	0
0e7ef489-ce94-4404-8506-31d4b6cd02b9	chr3	8971219	9393556	2	2	0
0e7ef489-ce94-4404-8506-31d4b6cd02b9	chr3	9402969	15059308	1	1	0
0e7ef489-ce94-4404-8506-31d4b6cd02b9	chr3	15063238	15677772	2	2	0
0e7ef489-ce94-4404-8506-31d4b6cd02b9	chr3	15678672	29676031	1	1	0
0e7ef489-ce94-4404-8506-31d4b6cd02b9	chr3	29676700	34839067	2	2	0
0e7ef489-ce94-4404-8506-31d4b6cd02b9	chr3	34839430	44725833	1	1	0
0e7ef489-ce94-4404-8506-31d4b6cd02b9	chr3	44726027	45091085	2	1	1
0e7ef489-ce94-4404-8506-31d4b6cd02b9	chr3	45091145	45717454	3	2	1
0e7ef489-ce94-4404-8506-31d4b6cd02b9	chr3	45717544	49963463	2	1	1
0e7ef489-ce94-4404-8506-31d4b6cd02b9	chr3	49966199	50175537	3	2	1
0e7ef489-ce94-4404-8506-31d4b6cd02b9	chr3	50179660	51706524	2	1	1
0e7ef489-ce94-4404-8506-31d4b6cd02b9	chr3	51713699	55846169	1	1	0
0e7ef489-ce94-4404-8506-31d4b6cd02b9	chr3	55848985	83934612	2	1	1
0e7ef489-ce94-4404-8506-31d4b6cd02b9	chr3	83945729	84423320	3	2	1
0e7ef489-ce94-4404-8506-31d4b6cd02b9	chr3	84425103	85620017	2	1	1
0e7ef489-ce94-4404-8506-31d4b6cd02b9	chr3	85627643	85941157	1	1	0
0e7ef489-ce94-4404-8506-31d4b6cd02b9	chr3	85948292	111962439	2	1	1
0e7ef489-ce94-4404-8506-31d4b6cd02b9	chr3	111962488	112303105	3	2	1
0e7ef489-ce94-4404-8506-31d4b6cd02b9	chr3	112303177	112687716	4	3	1
0e7ef489-ce94-4404-8506-31d4b6cd02b9	chr3	112689554	123219251	3	2	1
0e7ef489-ce94-4404-8506-31d4b6cd02b9	chr3	123220310	124953969	2	1	1
0e7ef489-ce94-4404-8506-31d4b6cd02b9	chr3	124957243	124970338	3	3	0
0e7ef489-ce94-4404-8506-31d4b6cd02b9	chr3	124976733	125946162	3	2	1
0e7ef489-ce94-4404-8506-31d4b6cd02b9	chr3	125949473	126002171	3	3	0
0e7ef489-ce94-4404-8506-31d4b6cd02b9	chr3	126002199	131819252	2	1	1
0e7ef489-ce94-4404-8506-31d4b6cd02b9	chr3	131836010	134647578	3	2	1
0e7ef489-ce94-4404-8506-31d4b6cd02b9	chr3	134649792	138097975	2	1	1
0e7ef489-ce94-4404-8506-31d4b6cd02b9	chr3	138098987	138587058	3	2	1
0e7ef489-ce94-4404-8506-31d4b6cd02b9	chr3	138594688	142343551	2	1	1
0e7ef489-ce94-4404-8506-31d4b6cd02b9	chr3	142344449	142605869	3	2	1
0e7ef489-ce94-4404-8506-31d4b6cd02b9	chr3	142607412	144292944	2	1	1
0e7ef489-ce94-4404-8506-31d4b6cd02b9	chr3	144295953	146274285	3	2	1
0e7ef489-ce94-4404-8506-31d4b6cd02b9	chr3	146274476	154076683	2	1	1
0e7ef489-ce94-4404-8506-31d4b6cd02b9	chr3	154078734	154415310	3	2	1
0e7ef489-ce94-4404-8506-31d4b6cd02b9	chr3	154415508	155826666	4	3	1
0e7ef489-ce94-4404-8506-31d4b6cd02b9	chr3	155828236	162554871	3	2	1
0e7ef489-ce94-4404-8506-31d4b6cd02b9	chr3	162567191	162794951	6	6	0
0e7ef489-ce94-4404-8506-31d4b6cd02b9	chr3	162795304	162910826	13	13	0
0e7ef489-ce94-4404-8506-31d4b6cd02b9	chr3	162910855	164188095	6	5	1
0e7ef489-ce94-4404-8506-31d4b6cd02b9	chr3	164188264	165315403	3	2	1
0e7ef489-ce94-4404-8506-31d4b6cd02b9	chr3	165316730	166959244	4	2	2
0e7ef489-ce94-4404-8506-31d4b6cd02b9	chr3	166960628	167260706	6	4	2
0e7ef489-ce94-4404-8506-31d4b6cd02b9	chr3	167264923	169003942	9	7	2
0e7ef489-ce94-4404-8506-31d4b6cd02b9	chr3	169007342	169630215	11	9	2
0e7ef489-ce94-4404-8506-31d4b6cd02b9	chr3	169631156	170464494	9	7	2
0e7ef489-ce94-4404-8506-31d4b6cd02b9	chr3	170466029	174209406	4	2	2
0e7ef489-ce94-4404-8506-31d4b6cd02b9	chr3	174212856	179547721	3	2	1
0e7ef489-ce94-4404-8506-31d4b6cd02b9	chr3	179548253	180021814	5	4	1
0e7ef489-ce94-4404-8506-31d4b6cd02b9	chr3	180023311	198169247	3	2	1
0e7ef489-ce94-4404-8506-31d4b6cd02b9	chr4	68929	12811712	2	1	1
0e7ef489-ce94-4404-8506-31d4b6cd02b9	chr4	12812147	13090673	3	2	1
0e7ef489-ce94-4404-8506-31d4b6cd02b9	chr4	13092320	26693309	2	1	1
0e7ef489-ce94-4404-8506-31d4b6cd02b9	chr4	26699747	29014439	3	2	1
0e7ef489-ce94-4404-8506-31d4b6cd02b9	chr4	29014692	29349859	2	1	1
0e7ef489-ce94-4404-8506-31d4b6cd02b9	chr4	29351415	29554771	3	2	1
0e7ef489-ce94-4404-8506-31d4b6cd02b9	chr4	29556292	35441103	2	1	1
0e7ef489-ce94-4404-8506-31d4b6cd02b9	chr4	35442066	35454467	2	2	0
0e7ef489-ce94-4404-8506-31d4b6cd02b9	chr4	35454733	35872358	3	2	1
0e7ef489-ce94-4404-8506-31d4b6cd02b9	chr4	35874975	37632137	2	1	1
0e7ef489-ce94-4404-8506-31d4b6cd02b9	chr4	37632534	37903980	3	2	1
0e7ef489-ce94-4404-8506-31d4b6cd02b9	chr4	37904411	56899743	2	1	1
0e7ef489-ce94-4404-8506-31d4b6cd02b9	chr4	56899886	58163798	3	2	1
0e7ef489-ce94-4404-8506-31d4b6cd02b9	chr4	58166489	58199973	2	2	0
0e7ef489-ce94-4404-8506-31d4b6cd02b9	chr4	58200364	60978220	2	1	1
0e7ef489-ce94-4404-8506-31d4b6cd02b9	chr4	60978664	61337138	3	2	1
0e7ef489-ce94-4404-8506-31d4b6cd02b9	chr4	61344729	61541880	2	1	1
0e7ef489-ce94-4404-8506-31d4b6cd02b9	chr4	61543437	61771569	3	2	1
0e7ef489-ce94-4404-8506-31d4b6cd02b9	chr4	61772750	69266404	2	1	1
0e7ef489-ce94-4404-8506-31d4b6cd02b9	chr4	69266652	70242945	1	1	0
0e7ef489-ce94-4404-8506-31d4b6cd02b9	chr4	70247357	72698663	2	2	0
0e7ef489-ce94-4404-8506-31d4b6cd02b9	chr4	72708359	76571002	1	1	0
0e7ef489-ce94-4404-8506-31d4b6cd02b9	chr4	76571501	78957077	2	2	0
0e7ef489-ce94-4404-8506-31d4b6cd02b9	chr4	78958618	79591214	1	1	0
0e7ef489-ce94-4404-8506-31d4b6cd02b9	chr4	79597814	79666209	2	2	0
0e7ef489-ce94-4404-8506-31d4b6cd02b9	chr4	79667524	82440583	1	1	0
0e7ef489-ce94-4404-8506-31d4b6cd02b9	chr4	82441039	83456344	2	2	0
0e7ef489-ce94-4404-8506-31d4b6cd02b9	chr4	83458185	86321818	1	1	0
0e7ef489-ce94-4404-8506-31d4b6cd02b9	chr4	86322187	87995349	2	2	0
0e7ef489-ce94-4404-8506-31d4b6cd02b9	chr4	88000674	89062222	1	1	0
0e7ef489-ce94-4404-8506-31d4b6cd02b9	chr4	89063931	89447450	2	2	0
0e7ef489-ce94-4404-8506-31d4b6cd02b9	chr4	89448479	95286013	1	1	0
0e7ef489-ce94-4404-8506-31d4b6cd02b9	chr4	95289174	95521913	2	2	0
0e7ef489-ce94-4404-8506-31d4b6cd02b9	chr4	95522824	137742205	1	1	0
0e7ef489-ce94-4404-8506-31d4b6cd02b9	chr4	137743425	138184821	2	2	0
0e7ef489-ce94-4404-8506-31d4b6cd02b9	chr4	138186233	141489727	1	1	0
0e7ef489-ce94-4404-8506-31d4b6cd02b9	chr4	141495376	145998210	2	2	0
0e7ef489-ce94-4404-8506-31d4b6cd02b9	chr4	146008917	154734365	1	1	0
0e7ef489-ce94-4404-8506-31d4b6cd02b9	chr4	154739354	155013255	2	2	0
0e7ef489-ce94-4404-8506-31d4b6cd02b9	chr4	155013302	168163826	1	1	0
0e7ef489-ce94-4404-8506-31d4b6cd02b9	chr4	168165333	169315601	2	2	0
0e7ef489-ce94-4404-8506-31d4b6cd02b9	chr4	169316509	181069579	1	1	0
0e7ef489-ce94-4404-8506-31d4b6cd02b9	chr4	181071149	181506602	2	2	0
0e7ef489-ce94-4404-8506-31d4b6cd02b9	chr4	181507088	182022987	1	1	0
0e7ef489-ce94-4404-8506-31d4b6cd02b9	chr4	182023828	182186270	2	2	0
0e7ef489-ce94-4404-8506-31d4b6cd02b9	chr4	182187859	184972933	1	1	0
0e7ef489-ce94-4404-8506-31d4b6cd02b9	chr4	184973501	190106768	2	1	1
0e7ef489-ce94-4404-8506-31d4b6cd02b9	chr5	15532	13760612	2	1	1
0e7ef489-ce94-4404-8506-31d4b6cd02b9	chr5	13760959	14326397	3	2	1
0e7ef489-ce94-4404-8506-31d4b6cd02b9	chr5	14329487	15450384	2	1	1
0e7ef489-ce94-4404-8506-31d4b6cd02b9	chr5	15452709	16973660	3	2	1
0e7ef489-ce94-4404-8506-31d4b6cd02b9	chr5	16980083	20974716	2	1	1
0e7ef489-ce94-4404-8506-31d4b6cd02b9	chr5	20975120	23065517	3	2	1
0e7ef489-ce94-4404-8506-31d4b6cd02b9	chr5	23067978	23207985	4	2	2
0e7ef489-ce94-4404-8506-31d4b6cd02b9	chr5	23218018	23533806	7	5	2
0e7ef489-ce94-4404-8506-31d4b6cd02b9	chr5	23536451	24071763	5	3	2
0e7ef489-ce94-4404-8506-31d4b6cd02b9	chr5	24072508	24540677	3	2	1
0e7ef489-ce94-4404-8506-31d4b6cd02b9	chr5	24543901	33338562	2	1	1
0e7ef489-ce94-4404-8506-31d4b6cd02b9	chr5	33341650	35419751	3	2	1
0e7ef489-ce94-4404-8506-31d4b6cd02b9	chr5	35419851	50938113	2	1	1
0e7ef489-ce94-4404-8506-31d4b6cd02b9	chr5	50938425	51438562	3	2	1
0e7ef489-ce94-4404-8506-31d4b6cd02b9	chr5	51439010	53167608	2	1	1
0e7ef489-ce94-4404-8506-31d4b6cd02b9	chr5	53169210	53173464	1	1	0
0e7ef489-ce94-4404-8506-31d4b6cd02b9	chr5	53174143	65262819	2	1	1
0e7ef489-ce94-4404-8506-31d4b6cd02b9	chr5	65264379	66210511	3	2	1
0e7ef489-ce94-4404-8506-31d4b6cd02b9	chr5	66214348	72261018	2	1	1
0e7ef489-ce94-4404-8506-31d4b6cd02b9	chr5	72261812	75325087	3	2	1
0e7ef489-ce94-4404-8506-31d4b6cd02b9	chr5	75325155	90196037	2	1	1
0e7ef489-ce94-4404-8506-31d4b6cd02b9	chr5	90202123	90965183	3	2	1
0e7ef489-ce94-4404-8506-31d4b6cd02b9	chr5	90968059	126150638	2	1	1
0e7ef489-ce94-4404-8506-31d4b6cd02b9	chr5	126157562	126569534	3	2	1
0e7ef489-ce94-4404-8506-31d4b6cd02b9	chr5	126569877	134055003	2	1	1
0e7ef489-ce94-4404-8506-31d4b6cd02b9	chr5	134055735	136847989	3	2	1
0e7ef489-ce94-4404-8506-31d4b6cd02b9	chr5	136854081	137163742	2	1	1
0e7ef489-ce94-4404-8506-31d4b6cd02b9	chr5	137169370	139940013	3	2	1
0e7ef489-ce94-4404-8506-31d4b6cd02b9	chr5	139943118	149617628	2	1	1
0e7ef489-ce94-4404-8506-31d4b6cd02b9	chr5	149617892	149969598	3	2	1
0e7ef489-ce94-4404-8506-31d4b6cd02b9	chr5	149971085	155526424	2	1	1
0e7ef489-ce94-4404-8506-31d4b6cd02b9	chr5	155532282	159519128	3	2	1
0e7ef489-ce94-4404-8506-31d4b6cd02b9	chr5	159519487	161347204	4	3	1
0e7ef489-ce94-4404-8506-31d4b6cd02b9	chr5	161363744	161701755	2	1	1
0e7ef489-ce94-4404-8506-31d4b6cd02b9	chr5	161702845	161954042	3	2	1
0e7ef489-ce94-4404-8506-31d4b6cd02b9	chr5	161954630	169105132	2	1	1
0e7ef489-ce94-4404-8506-31d4b6cd02b9	chr5	169105462	169134839	3	2	1
0e7ef489-ce94-4404-8506-31d4b6cd02b9	chr5	169135985	181363319	2	1	1
0e7ef489-ce94-4404-8506-31d4b6cd02b9	chr6	149661	34120221	2	1	1
0e7ef489-ce94-4404-8506-31d4b6cd02b9	chr6	34122833	35012824	3	2	1
0e7ef489-ce94-4404-8506-31d4b6cd02b9	chr6	35014266	35248963	2	1	1
0e7ef489-ce94-4404-8506-31d4b6cd02b9	chr6	35261238	38307700	3	2	1
0e7ef489-ce94-4404-8506-31d4b6cd02b9	chr6	38319928	62272192	2	1	1
0e7ef489-ce94-4404-8506-31d4b6cd02b9	chr6	62283944	66427400	3	2	1
0e7ef489-ce94-4404-8506-31d4b6cd02b9	chr6	66430157	70160075	2	1	1
0e7ef489-ce94-4404-8506-31d4b6cd02b9	chr6	70160859	71188127	3	2	1
0e7ef489-ce94-4404-8506-31d4b6cd02b9	chr6	71193490	86177113	2	1	1
0e7ef489-ce94-4404-8506-31d4b6cd02b9	chr6	86178071	86188746	3	2	1
0e7ef489-ce94-4404-8506-31d4b6cd02b9	chr6	86198912	95792155	2	1	1
0e7ef489-ce94-4404-8506-31d4b6cd02b9	chr6	95792497	106988904	3	2	1
0e7ef489-ce94-4404-8506-31d4b6cd02b9	chr6	106988929	120304257	2	1	1
0e7ef489-ce94-4404-8506-31d4b6cd02b9	chr6	120311952	122029691	3	2	1
0e7ef489-ce94-4404-8506-31d4b6cd02b9	chr6	122030068	122483049	3	3	0
0e7ef489-ce94-4404-8506-31d4b6cd02b9	chr6	122490902	146171079	2	1	1
0e7ef489-ce94-4404-8506-31d4b6cd02b9	chr6	146177135	154069938	1	1	0
0e7ef489-ce94-4404-8506-31d4b6cd02b9	chr6	154075227	155708510	2	2	0
0e7ef489-ce94-4404-8506-31d4b6cd02b9	chr6	155710217	170741917	1	1	0
0e7ef489-ce94-4404-8506-31d4b6cd02b9	chr7	43259	2654709	2	1	1
0e7ef489-ce94-4404-8506-31d4b6cd02b9	chr7	2655983	2712108	3	2	1
0e7ef489-ce94-4404-8506-31d4b6cd02b9	chr7	2714033	9707566	2	1	1
0e7ef489-ce94-4404-8506-31d4b6cd02b9	chr7	9719716	9996166	3	2	1
0e7ef489-ce94-4404-8506-31d4b6cd02b9	chr7	10010274	17256805	2	1	1
0e7ef489-ce94-4404-8506-31d4b6cd02b9	chr7	17258660	18779052	3	2	1
0e7ef489-ce94-4404-8506-31d4b6cd02b9	chr7	18779183	18789915	4	3	1
0e7ef489-ce94-4404-8506-31d4b6cd02b9	chr7	18790841	20324144	3	2	1
0e7ef489-ce94-4404-8506-31d4b6cd02b9	chr7	20326471	21100767	2	1	1
0e7ef489-ce94-4404-8506-31d4b6cd02b9	chr7	21102503	21503273	3	2	1
0e7ef489-ce94-4404-8506-31d4b6cd02b9	chr7	21506072	30106762	2	1	1
0e7ef489-ce94-4404-8506-31d4b6cd02b9	chr7	30107683	30249988	1	1	0
0e7ef489-ce94-4404-8506-31d4b6cd02b9	chr7	30252146	36868078	2	1	1
0e7ef489-ce94-4404-8506-31d4b6cd02b9	chr7	36869144	39543223	3	2	1
0e7ef489-ce94-4404-8506-31d4b6cd02b9	chr7	39553903	40788398	2	1	1
0e7ef489-ce94-4404-8506-31d4b6cd02b9	chr7	40791871	41391208	3	2	1
0e7ef489-ce94-4404-8506-31d4b6cd02b9	chr7	41391343	63916039	2	1	1
0e7ef489-ce94-4404-8506-31d4b6cd02b9	chr7	63916855	66198463	3	2	1
0e7ef489-ce94-4404-8506-31d4b6cd02b9	chr7	66210141	71568852	2	1	1
0e7ef489-ce94-4404-8506-31d4b6cd02b9	chr7	71570435	71862851	3	2	1
0e7ef489-ce94-4404-8506-31d4b6cd02b9	chr7	71864254	76066295	2	1	1
0e7ef489-ce94-4404-8506-31d4b6cd02b9	chr7	76066721	77519547	3	2	1
0e7ef489-ce94-4404-8506-31d4b6cd02b9	chr7	77521287	97596174	2	1	1
0e7ef489-ce94-4404-8506-31d4b6cd02b9	chr7	97599084	98909482	3	2	1
0e7ef489-ce94-4404-8506-31d4b6cd02b9	chr7	98913252	99601798	4	3	1
0e7ef489-ce94-4404-8506-31d4b6cd02b9	chr7	99602461	99853750	3	2	1
0e7ef489-ce94-4404-8506-31d4b6cd02b9	chr7	99856361	100447886	4	2	2
0e7ef489-ce94-4404-8506-31d4b6cd02b9	chr7	100471279	104994041	2	2	0
0e7ef489-ce94-4404-8506-31d4b6cd02b9	chr7	104994935	111473243	1	1	0
0e7ef489-ce94-4404-8506-31d4b6cd02b9	chr7	111473535	113686324	2	2	0
0e7ef489-ce94-4404-8506-31d4b6cd02b9	chr7	113687111	121144723	1	1	0
0e7ef489-ce94-4404-8506-31d4b6cd02b9	chr7	121144954	134838803	2	2	0
0e7ef489-ce94-4404-8506-31d4b6cd02b9	chr7	134839244	136857803	3	3	0
0e7ef489-ce94-4404-8506-31d4b6cd02b9	chr7	136857884	147171278	2	2	0
0e7ef489-ce94-4404-8506-31d4b6cd02b9	chr7	147171519	147584704	3	3	0
0e7ef489-ce94-4404-8506-31d4b6cd02b9	chr7	147585158	159334314	2	2	0
0e7ef489-ce94-4404-8506-31d4b6cd02b9	chr8	81254	16820653	2	1	1
0e7ef489-ce94-4404-8506-31d4b6cd02b9	chr8	16821826	17302659	3	2	1
0e7ef489-ce94-4404-8506-31d4b6cd02b9	chr8	17303250	21667858	2	1	1
0e7ef489-ce94-4404-8506-31d4b6cd02b9	chr8	21670858	22090173	3	2	1
0e7ef489-ce94-4404-8506-31d4b6cd02b9	chr8	22092915	34651036	2	1	1
0e7ef489-ce94-4404-8506-31d4b6cd02b9	chr8	34651284	34988817	3	2	1
0e7ef489-ce94-4404-8506-31d4b6cd02b9	chr8	34991002	35029229	2	1	1
0e7ef489-ce94-4404-8506-31d4b6cd02b9	chr8	35029242	35501261	3	2	1
0e7ef489-ce94-4404-8506-31d4b6cd02b9	chr8	35503797	41441076	2	1	1
0e7ef489-ce94-4404-8506-31d4b6cd02b9	chr8	41444907	46012589	3	2	1
0e7ef489-ce94-4404-8506-31d4b6cd02b9	chr8	46012735	54850557	2	1	1
0e7ef489-ce94-4404-8506-31d4b6cd02b9	chr8	54851444	55727489	3	2	1
0e7ef489-ce94-4404-8506-31d4b6cd02b9	chr8	55728664	56969793	4	3	1
0e7ef489-ce94-4404-8506-31d4b6cd02b9	chr8	56973188	68947497	2	1	1
0e7ef489-ce94-4404-8506-31d4b6cd02b9	chr8	68950582	71353115	3	2	1
0e7ef489-ce94-4404-8506-31d4b6cd02b9	chr8	71354981	76548996	2	1	1
0e7ef489-ce94-4404-8506-31d4b6cd02b9	chr8	76550696	77303930	3	2	1
0e7ef489-ce94-4404-8506-31d4b6cd02b9	chr8	77305821	77973721	2	1	1
0e7ef489-ce94-4404-8506-31d4b6cd02b9	chr8	77973741	78171412	3	2	1
0e7ef489-ce94-4404-8506-31d4b6cd02b9	chr8	78172665	86112726	2	1	1
0e7ef489-ce94-4404-8506-31d4b6cd02b9	chr8	86115234	87077788	3	2	1
0e7ef489-ce94-4404-8506-31d4b6cd02b9	chr8	87078971	88235447	2	1	1
0e7ef489-ce94-4404-8506-31d4b6cd02b9	chr8	88238153	102752774	3	2	1
0e7ef489-ce94-4404-8506-31d4b6cd02b9	chr8	102753217	107943495	4	2	2
0e7ef489-ce94-4404-8506-31d4b6cd02b9	chr8	107944748	111902767	6	4	2
0e7ef489-ce94-4404-8506-31d4b6cd02b9	chr8	111903022	112600438	5	3	2
0e7ef489-ce94-4404-8506-31d4b6cd02b9	chr8	112601574	113678117	8	5	3
0e7ef489-ce94-4404-8506-31d4b6cd02b9	chr8	113679600	113857606	7	5	2
0e7ef489-ce94-4404-8506-31d4b6cd02b9	chr8	113864706	119571722	4	2	2
0e7ef489-ce94-4404-8506-31d4b6cd02b9	chr8	119574377	120597058	5	3	2
0e7ef489-ce94-4404-8506-31d4b6cd02b9	chr8	120598198	124799035	4	2	2
0e7ef489-ce94-4404-8506-31d4b6cd02b9	chr8	124803219	125069238	5	3	2
0e7ef489-ce94-4404-8506-31d4b6cd02b9	chr8	125070951	127412547	4	2	2
0e7ef489-ce94-4404-8506-31d4b6cd02b9	chr8	127419449	127769489	6	4	2
0e7ef489-ce94-4404-8506-31d4b6cd02b9	chr8	127773014	136665382	4	2	2
0e7ef489-ce94-4404-8506-31d4b6cd02b9	chr8	136665432	136677301	2	1	1
0e7ef489-ce94-4404-8506-31d4b6cd02b9	chr8	136679162	136850173	2	2	0
0e7ef489-ce94-4404-8506-31d4b6cd02b9	chr8	136850192	144441281	4	2	2
0e7ef489-ce94-4404-8506-31d4b6cd02b9	chr8	144441636	145072769	5	3	2
0e7ef489-ce94-4404-8506-31d4b6cd02b9	chr9	46587	21444470	3	2	1
0e7ef489-ce94-4404-8506-31d4b6cd02b9	chr9	21446736	22822674	4	3	1
0e7ef489-ce94-4404-8506-31d4b6cd02b9	chr9	22829232	26923310	3	2	1
0e7ef489-ce94-4404-8506-31d4b6cd02b9	chr9	26924107	27074235	4	3	1
0e7ef489-ce94-4404-8506-31d4b6cd02b9	chr9	27075885	30661396	3	2	1
0e7ef489-ce94-4404-8506-31d4b6cd02b9	chr9	30661614	30780105	4	3	1
0e7ef489-ce94-4404-8506-31d4b6cd02b9	chr9	30783527	41741113	3	2	1
0e7ef489-ce94-4404-8506-31d4b6cd02b9	chr9	60863881	76354020	2	1	1
0e7ef489-ce94-4404-8506-31d4b6cd02b9	chr9	76354143	76377408	1	1	0
0e7ef489-ce94-4404-8506-31d4b6cd02b9	chr9	76378161	83288468	2	1	1
0e7ef489-ce94-4404-8506-31d4b6cd02b9	chr9	83289863	83296035	1	1	0
0e7ef489-ce94-4404-8506-31d4b6cd02b9	chr9	83296891	88370331	2	1	1
0e7ef489-ce94-4404-8506-31d4b6cd02b9	chr9	88370517	88751717	3	2	1
0e7ef489-ce94-4404-8506-31d4b6cd02b9	chr9	88752215	107627534	2	1	1
0e7ef489-ce94-4404-8506-31d4b6cd02b9	chr9	107633393	135237093	1	1	0
0e7ef489-ce94-4404-8506-31d4b6cd02b9	chr9	135237182	136482147	4	4	0
0e7ef489-ce94-4404-8506-31d4b6cd02b9	chr9	136482246	136830775	2	2	0
0e7ef489-ce94-4404-8506-31d4b6cd02b9	chr9	136862025	138200944	2	1	1
0e7ef489-ce94-4404-8506-31d4b6cd02b9	chr10	45792	11566761	2	1	1
0e7ef489-ce94-4404-8506-31d4b6cd02b9	chr10	11568610	11671299	3	2	1
0e7ef489-ce94-4404-8506-31d4b6cd02b9	chr10	11671725	12020021	4	3	1
0e7ef489-ce94-4404-8506-31d4b6cd02b9	chr10	12020815	13906156	3	2	1
0e7ef489-ce94-4404-8506-31d4b6cd02b9	chr10	13908781	24570612	2	1	1
0e7ef489-ce94-4404-8506-31d4b6cd02b9	chr10	24574091	25558506	3	2	1
0e7ef489-ce94-4404-8506-31d4b6cd02b9	chr10	25558598	27393344	2	1	1
0e7ef489-ce94-4404-8506-31d4b6cd02b9	chr10	27393560	27399597	3	2	1
0e7ef489-ce94-4404-8506-31d4b6cd02b9	chr10	27399819	30554479	2	1	1
0e7ef489-ce94-4404-8506-31d4b6cd02b9	chr10	30555966	34962297	3	2	1
0e7ef489-ce94-4404-8506-31d4b6cd02b9	chr10	34962423	55534869	2	1	1
0e7ef489-ce94-4404-8506-31d4b6cd02b9	chr10	55542383	56017264	3	2	1
0e7ef489-ce94-4404-8506-31d4b6cd02b9	chr10	56017491	58648135	2	1	1
0e7ef489-ce94-4404-8506-31d4b6cd02b9	chr10	58648675	61973521	3	2	1
0e7ef489-ce94-4404-8506-31d4b6cd02b9	chr10	61976091	66707950	2	1	1
0e7ef489-ce94-4404-8506-31d4b6cd02b9	chr10	66709479	69128582	3	2	1
0e7ef489-ce94-4404-8506-31d4b6cd02b9	chr10	69132371	70715245	2	1	1
0e7ef489-ce94-4404-8506-31d4b6cd02b9	chr10	70716012	70827061	3	2	1
0e7ef489-ce94-4404-8506-31d4b6cd02b9	chr10	70833855	77402584	2	1	1
0e7ef489-ce94-4404-8506-31d4b6cd02b9	chr10	77403250	77536127	3	2	1
0e7ef489-ce94-4404-8506-31d4b6cd02b9	chr10	77539240	78172127	4	3	1
0e7ef489-ce94-4404-8506-31d4b6cd02b9	chr10	78172218	78521979	3	2	1
0e7ef489-ce94-4404-8506-31d4b6cd02b9	chr10	78526245	79156851	2	1	1
0e7ef489-ce94-4404-8506-31d4b6cd02b9	chr10	79158815	79473320	3	2	1
0e7ef489-ce94-4404-8506-31d4b6cd02b9	chr10	79479605	106073245	2	1	1
0e7ef489-ce94-4404-8506-31d4b6cd02b9	chr10	106076230	106190549	3	2	1
0e7ef489-ce94-4404-8506-31d4b6cd02b9	chr10	106191142	133654968	2	1	1
0e7ef489-ce94-4404-8506-31d4b6cd02b9	chr11	198510	872158	3	2	1
0e7ef489-ce94-4404-8506-31d4b6cd02b9	chr11	881191	1479981	2	1	1
0e7ef489-ce94-4404-8506-31d4b6cd02b9	chr11	1485404	4104779	3	2	1
0e7ef489-ce94-4404-8506-31d4b6cd02b9	chr11	4107256	21946729	2	1	1
0e7ef489-ce94-4404-8506-31d4b6cd02b9	chr11	21947222	22219813	3	2	1
0e7ef489-ce94-4404-8506-31d4b6cd02b9	chr11	22220639	24058678	2	1	1
0e7ef489-ce94-4404-8506-31d4b6cd02b9	chr11	24059601	24100801	3	2	1
0e7ef489-ce94-4404-8506-31d4b6cd02b9	chr11	24107268	33505213	2	1	1
0e7ef489-ce94-4404-8506-31d4b6cd02b9	chr11	33509305	36675037	3	2	1
0e7ef489-ce94-4404-8506-31d4b6cd02b9	chr11	36680404	43268918	2	1	1
0e7ef489-ce94-4404-8506-31d4b6cd02b9	chr11	43269153	43816585	3	2	1
0e7ef489-ce94-4404-8506-31d4b6cd02b9	chr11	43818214	44032077	4	2	2
0e7ef489-ce94-4404-8506-31d4b6cd02b9	chr11	44034144	44509298	3	2	1
0e7ef489-ce94-4404-8506-31d4b6cd02b9	chr11	44510601	70545611	2	1	1
0e7ef489-ce94-4404-8506-31d4b6cd02b9	chr11	70546243	70553041	4	2	2
0e7ef489-ce94-4404-8506-31d4b6cd02b9	chr11	70553754	86735603	2	1	1
0e7ef489-ce94-4404-8506-31d4b6cd02b9	chr11	86736514	86743281	1	1	0
0e7ef489-ce94-4404-8506-31d4b6cd02b9	chr11	86745484	88117540	2	1	1
0e7ef489-ce94-4404-8506-31d4b6cd02b9	chr11	88117629	89573556	3	2	1
0e7ef489-ce94-4404-8506-31d4b6cd02b9	chr11	89576864	99942811	2	1	1
0e7ef489-ce94-4404-8506-31d4b6cd02b9	chr11	99949498	103681144	3	2	1
0e7ef489-ce94-4404-8506-31d4b6cd02b9	chr11	103681448	107233364	2	1	1
0e7ef489-ce94-4404-8506-31d4b6cd02b9	chr11	107241544	110630891	3	2	1
0e7ef489-ce94-4404-8506-31d4b6cd02b9	chr11	110633321	118371522	2	1	1
0e7ef489-ce94-4404-8506-31d4b6cd02b9	chr11	118384563	118485325	3	2	1
0e7ef489-ce94-4404-8506-31d4b6cd02b9	chr11	118487003	118779310	5	4	1
0e7ef489-ce94-4404-8506-31d4b6cd02b9	chr11	118780765	119720168	3	2	1
0e7ef489-ce94-4404-8506-31d4b6cd02b9	chr11	119722279	120194210	2	1	1
0e7ef489-ce94-4404-8506-31d4b6cd02b9	chr11	120194680	121779161	3	2	1
0e7ef489-ce94-4404-8506-31d4b6cd02b9	chr11	121787431	123340266	4	2	2
0e7ef489-ce94-4404-8506-31d4b6cd02b9	chr11	123343410	124068780	3	2	1
0e7ef489-ce94-4404-8506-31d4b6cd02b9	chr11	124070324	130026680	2	1	1
0e7ef489-ce94-4404-8506-31d4b6cd02b9	chr11	130027660	130215913	3	2	1
0e7ef489-ce94-4404-8506-31d4b6cd02b9	chr11	130217009	135074876	2	1	1
0e7ef489-ce94-4404-8506-31d4b6cd02b9	chr12	51460	6154140	3	2	1
0e7ef489-ce94-4404-8506-31d4b6cd02b9	chr12	6154154	9481274	2	1	1
0e7ef489-ce94-4404-8506-31d4b6cd02b9	chr12	9485313	9575696	0	0	0
0e7ef489-ce94-4404-8506-31d4b6cd02b9	chr12	9582373	14993287	2	1	1
0e7ef489-ce94-4404-8506-31d4b6cd02b9	chr12	15000321	15285966	3	2	1
0e7ef489-ce94-4404-8506-31d4b6cd02b9	chr12	15292832	25234010	2	1	1
0e7ef489-ce94-4404-8506-31d4b6cd02b9	chr12	25237555	25502726	3	2	1
0e7ef489-ce94-4404-8506-31d4b6cd02b9	chr12	25505327	46684744	2	1	1
0e7ef489-ce94-4404-8506-31d4b6cd02b9	chr12	46691110	47574947	3	2	1
0e7ef489-ce94-4404-8506-31d4b6cd02b9	chr12	47576910	47885857	4	3	1
0e7ef489-ce94-4404-8506-31d4b6cd02b9	chr12	47889022	47995926	3	2	1
0e7ef489-ce94-4404-8506-31d4b6cd02b9	chr12	47996162	52664218	2	1	1
0e7ef489-ce94-4404-8506-31d4b6cd02b9	chr12	52664267	52668209	3	2	1
0e7ef489-ce94-4404-8506-31d4b6cd02b9	chr12	52668475	62698561	2	1	1
0e7ef489-ce94-4404-8506-31d4b6cd02b9	chr12	62699015	64567434	3	2	1
0e7ef489-ce94-4404-8506-31d4b6cd02b9	chr12	64567700	69402568	2	1	1
0e7ef489-ce94-4404-8506-31d4b6cd02b9	chr12	69405868	70680807	4	3	1
0e7ef489-ce94-4404-8506-31d4b6cd02b9	chr12	70680950	70907496	3	2	1
0e7ef489-ce94-4404-8506-31d4b6cd02b9	chr12	70909278	71283084	4	3	1
0e7ef489-ce94-4404-8506-31d4b6cd02b9	chr12	71285888	72361695	6	5	1
0e7ef489-ce94-4404-8506-31d4b6cd02b9	chr12	72368950	73173669	3	2	1
0e7ef489-ce94-4404-8506-31d4b6cd02b9	chr12	73179465	97902704	2	1	1
0e7ef489-ce94-4404-8506-31d4b6cd02b9	chr12	97903489	99587748	3	2	1
0e7ef489-ce94-4404-8506-31d4b6cd02b9	chr12	99589094	100361324	4	2	2
0e7ef489-ce94-4404-8506-31d4b6cd02b9	chr12	100364705	100794245	6	4	2
0e7ef489-ce94-4404-8506-31d4b6cd02b9	chr12	100796721	116835685	2	1	1
0e7ef489-ce94-4404-8506-31d4b6cd02b9	chr12	116836271	117474036	3	2	1
0e7ef489-ce94-4404-8506-31d4b6cd02b9	chr12	117474463	118006920	2	1	1
0e7ef489-ce94-4404-8506-31d4b6cd02b9	chr12	118009075	118073852	3	2	1
0e7ef489-ce94-4404-8506-31d4b6cd02b9	chr12	118074055	133201603	2	1	1
0e7ef489-ce94-4404-8506-31d4b6cd02b9	chr13	18452809	40512500	1	1	0
0e7ef489-ce94-4404-8506-31d4b6cd02b9	chr13	40513375	40559658	0	0	0
0e7ef489-ce94-4404-8506-31d4b6cd02b9	chr13	40559836	81693496	1	1	0
0e7ef489-ce94-4404-8506-31d4b6cd02b9	chr13	81694096	82005906	2	2	0
0e7ef489-ce94-4404-8506-31d4b6cd02b9	chr13	82006146	82006146	1	1	0
0e7ef489-ce94-4404-8506-31d4b6cd02b9	chr13	82006186	82061466	2	2	0
0e7ef489-ce94-4404-8506-31d4b6cd02b9	chr13	82064087	83460652	1	1	0
0e7ef489-ce94-4404-8506-31d4b6cd02b9	chr13	83462028	83694021	2	2	0
0e7ef489-ce94-4404-8506-31d4b6cd02b9	chr13	83697643	98567247	1	1	0
0e7ef489-ce94-4404-8506-31d4b6cd02b9	chr13	98572002	99885878	2	2	0
0e7ef489-ce94-4404-8506-31d4b6cd02b9	chr13	99886337	100464986	3	3	0
0e7ef489-ce94-4404-8506-31d4b6cd02b9	chr13	100465370	100771096	4	4	0
0e7ef489-ce94-4404-8506-31d4b6cd02b9	chr13	100771113	100782780	3	3	0
0e7ef489-ce94-4404-8506-31d4b6cd02b9	chr13	100782894	105858598	2	2	0
0e7ef489-ce94-4404-8506-31d4b6cd02b9	chr13	105860736	106145321	4	4	0
0e7ef489-ce94-4404-8506-31d4b6cd02b9	chr13	106145367	114342922	2	2	0
0e7ef489-ce94-4404-8506-31d4b6cd02b9	chr14	18239283	19954095	6	4	2
0e7ef489-ce94-4404-8506-31d4b6cd02b9	chr14	19954424	21197343	3	2	1
0e7ef489-ce94-4404-8506-31d4b6cd02b9	chr14	21197394	49816068	2	1	1
0e7ef489-ce94-4404-8506-31d4b6cd02b9	chr14	49825419	50326666	3	2	1
0e7ef489-ce94-4404-8506-31d4b6cd02b9	chr14	50329213	71019033	2	1	1
0e7ef489-ce94-4404-8506-31d4b6cd02b9	chr14	71019702	71521411	3	2	1
0e7ef489-ce94-4404-8506-31d4b6cd02b9	chr14	71524068	87412531	2	1	1
0e7ef489-ce94-4404-8506-31d4b6cd02b9	chr14	87412843	88712217	3	2	1
0e7ef489-ce94-4404-8506-31d4b6cd02b9	chr14	88713498	106877229	2	1	1
0e7ef489-ce94-4404-8506-31d4b6cd02b9	chr15	19811075	23410189	3	2	1
0e7ef489-ce94-4404-8506-31d4b6cd02b9	chr15	23411377	25447469	2	1	1
0e7ef489-ce94-4404-8506-31d4b6cd02b9	chr15	25450777	26257408	3	2	1
0e7ef489-ce94-4404-8506-31d4b6cd02b9	chr15	26260329	51823404	2	1	1
0e7ef489-ce94-4404-8506-31d4b6cd02b9	chr15	51831619	52065789	1	1	0
0e7ef489-ce94-4404-8506-31d4b6cd02b9	chr15	52066336	53744923	2	1	1
0e7ef489-ce94-4404-8506-31d4b6cd02b9	chr15	53745239	53978596	3	2	1
0e7ef489-ce94-4404-8506-31d4b6cd02b9	chr15	53978957	57894815	2	1	1
0e7ef489-ce94-4404-8506-31d4b6cd02b9	chr15	57895315	58622836	3	2	1
0e7ef489-ce94-4404-8506-31d4b6cd02b9	chr15	58623004	59287301	2	1	1
0e7ef489-ce94-4404-8506-31d4b6cd02b9	chr15	59290533	59306053	0	0	0
0e7ef489-ce94-4404-8506-31d4b6cd02b9	chr15	59306182	59326690	1	1	0
0e7ef489-ce94-4404-8506-31d4b6cd02b9	chr15	59329695	60025814	2	1	1
0e7ef489-ce94-4404-8506-31d4b6cd02b9	chr15	60028197	62674601	3	2	1
0e7ef489-ce94-4404-8506-31d4b6cd02b9	chr15	62675143	64814825	2	1	1
0e7ef489-ce94-4404-8506-31d4b6cd02b9	chr15	64815461	65542649	3	2	1
0e7ef489-ce94-4404-8506-31d4b6cd02b9	chr15	65549165	75556990	2	1	1
0e7ef489-ce94-4404-8506-31d4b6cd02b9	chr15	75559588	76456009	3	2	1
0e7ef489-ce94-4404-8506-31d4b6cd02b9	chr15	76458354	77185307	2	1	1
0e7ef489-ce94-4404-8506-31d4b6cd02b9	chr15	77196272	78023212	3	2	1
0e7ef489-ce94-4404-8506-31d4b6cd02b9	chr15	78026036	88150722	2	1	1
0e7ef489-ce94-4404-8506-31d4b6cd02b9	chr15	88155384	93184918	3	2	1
0e7ef489-ce94-4404-8506-31d4b6cd02b9	chr15	93187828	101928837	2	1	1
0e7ef489-ce94-4404-8506-31d4b6cd02b9	chr16	10777	10009973	2	1	1
0e7ef489-ce94-4404-8506-31d4b6cd02b9	chr16	10014725	11566337	3	2	1
0e7ef489-ce94-4404-8506-31d4b6cd02b9	chr16	11566846	11834061	6	4	2
0e7ef489-ce94-4404-8506-31d4b6cd02b9	chr16	11834124	12871093	3	2	1
0e7ef489-ce94-4404-8506-31d4b6cd02b9	chr16	12871191	19720088	2	1	1
0e7ef489-ce94-4404-8506-31d4b6cd02b9	chr16	19720809	22112321	3	2	1
0e7ef489-ce94-4404-8506-31d4b6cd02b9	chr16	22117471	36048855	2	1	1
0e7ef489-ce94-4404-8506-31d4b6cd02b9	chr16	46441986	46476005	5	5	0
0e7ef489-ce94-4404-8506-31d4b6cd02b9	chr16	46481615	46825555	4	4	0
0e7ef489-ce94-4404-8506-31d4b6cd02b9	chr16	46826622	46862309	4	3	1
0e7ef489-ce94-4404-8506-31d4b6cd02b9	chr16	46866526	47107303	4	4	0
0e7ef489-ce94-4404-8506-31d4b6cd02b9	chr16	47113274	47925263	3	2	1
0e7ef489-ce94-4404-8506-31d4b6cd02b9	chr16	47935795	69639482	1	1	0
0e7ef489-ce94-4404-8506-31d4b6cd02b9	chr16	69639752	70771007	2	2	0
0e7ef489-ce94-4404-8506-31d4b6cd02b9	chr16	70771446	75975533	1	1	0
0e7ef489-ce94-4404-8506-31d4b6cd02b9	chr16	75975883	76658449	2	2	0
0e7ef489-ce94-4404-8506-31d4b6cd02b9	chr16	76663732	79109757	1	1	0
0e7ef489-ce94-4404-8506-31d4b6cd02b9	chr16	79110086	79764614	2	2	0
0e7ef489-ce94-4404-8506-31d4b6cd02b9	chr16	79766186	84088879	1	1	0
0e7ef489-ce94-4404-8506-31d4b6cd02b9	chr16	84088992	85991010	2	2	0
0e7ef489-ce94-4404-8506-31d4b6cd02b9	chr16	85991273	90096867	1	1	0
0e7ef489-ce94-4404-8506-31d4b6cd02b9	chr17	150733	3490921	1	1	0
0e7ef489-ce94-4404-8506-31d4b6cd02b9	chr17	3491005	6800752	2	2	0
0e7ef489-ce94-4404-8506-31d4b6cd02b9	chr17	6800802	9027724	3	3	0
0e7ef489-ce94-4404-8506-31d4b6cd02b9	chr17	9028182	9573491	2	2	0
0e7ef489-ce94-4404-8506-31d4b6cd02b9	chr17	9573824	22720241	1	1	0
0e7ef489-ce94-4404-8506-31d4b6cd02b9	chr17	22727748	29504782	4	4	0
0e7ef489-ce94-4404-8506-31d4b6cd02b9	chr17	29510449	29736257	2	2	0
0e7ef489-ce94-4404-8506-31d4b6cd02b9	chr17	29740845	31774292	1	1	0
0e7ef489-ce94-4404-8506-31d4b6cd02b9	chr17	31778303	32569892	2	2	0
0e7ef489-ce94-4404-8506-31d4b6cd02b9	chr17	32572316	36604494	1	1	0
0e7ef489-ce94-4404-8506-31d4b6cd02b9	chr17	36609563	37044358	2	2	0
0e7ef489-ce94-4404-8506-31d4b6cd02b9	chr17	37046688	37060285	4	4	0
0e7ef489-ce94-4404-8506-31d4b6cd02b9	chr17	37060928	37060928	3	3	0
0e7ef489-ce94-4404-8506-31d4b6cd02b9	chr17	37062088	37720170	4	4	0
0e7ef489-ce94-4404-8506-31d4b6cd02b9	chr17	37720433	40985238	3	3	0
0e7ef489-ce94-4404-8506-31d4b6cd02b9	chr17	40985421	71649167	1	1	0
0e7ef489-ce94-4404-8506-31d4b6cd02b9	chr17	71650166	77100326	2	2	0
0e7ef489-ce94-4404-8506-31d4b6cd02b9	chr17	77102403	78177094	3	3	0
0e7ef489-ce94-4404-8506-31d4b6cd02b9	chr17	78177275	82601605	2	2	0
0e7ef489-ce94-4404-8506-31d4b6cd02b9	chr17	82602121	83091923	1	1	0
0e7ef489-ce94-4404-8506-31d4b6cd02b9	chr18	48133	5192309	2	1	1
0e7ef489-ce94-4404-8506-31d4b6cd02b9	chr18	5198563	5718859	1	1	0
0e7ef489-ce94-4404-8506-31d4b6cd02b9	chr18	5718932	6350603	2	1	1
0e7ef489-ce94-4404-8506-31d4b6cd02b9	chr18	6360947	8794313	3	2	1
0e7ef489-ce94-4404-8506-31d4b6cd02b9	chr18	8799296	31312871	2	1	1
0e7ef489-ce94-4404-8506-31d4b6cd02b9	chr18	31315675	31355997	1	1	0
0e7ef489-ce94-4404-8506-31d4b6cd02b9	chr18	31358084	60433358	2	1	1
0e7ef489-ce94-4404-8506-31d4b6cd02b9	chr18	60435231	60548283	3	2	1
0e7ef489-ce94-4404-8506-31d4b6cd02b9	chr18	60550533	60841064	2	1	1
0e7ef489-ce94-4404-8506-31d4b6cd02b9	chr18	60844894	60918457	1	1	0
0e7ef489-ce94-4404-8506-31d4b6cd02b9	chr18	60920618	71016474	2	1	1
0e7ef489-ce94-4404-8506-31d4b6cd02b9	chr18	71017308	71651762	3	2	1
0e7ef489-ce94-4404-8506-31d4b6cd02b9	chr18	71652940	72455866	2	1	1
0e7ef489-ce94-4404-8506-31d4b6cd02b9	chr18	72456004	75103546	1	1	0
0e7ef489-ce94-4404-8506-31d4b6cd02b9	chr18	75103934	75586141	2	2	0
0e7ef489-ce94-4404-8506-31d4b6cd02b9	chr18	75586310	80257174	1	1	0
0e7ef489-ce94-4404-8506-31d4b6cd02b9	chr19	90910	4552400	1	1	0
0e7ef489-ce94-4404-8506-31d4b6cd02b9	chr19	4555774	29368958	2	1	1
0e7ef489-ce94-4404-8506-31d4b6cd02b9	chr19	29370017	30383994	4	3	1
0e7ef489-ce94-4404-8506-31d4b6cd02b9	chr19	30384614	30588700	5	4	1
0e7ef489-ce94-4404-8506-31d4b6cd02b9	chr19	30590823	31128945	3	2	1
0e7ef489-ce94-4404-8506-31d4b6cd02b9	chr19	31131023	34994365	2	1	1
0e7ef489-ce94-4404-8506-31d4b6cd02b9	chr19	35001193	36100529	3	2	1
0e7ef489-ce94-4404-8506-31d4b6cd02b9	chr19	36104534	48282415	2	1	1
0e7ef489-ce94-4404-8506-31d4b6cd02b9	chr19	48283211	48421706	3	2	1
0e7ef489-ce94-4404-8506-31d4b6cd02b9	chr19	48423308	48861368	1	1	0
0e7ef489-ce94-4404-8506-31d4b6cd02b9	chr19	48867391	58586487	2	1	1
0e7ef489-ce94-4404-8506-31d4b6cd02b9	chr20	80664	1779145	2	1	1
0e7ef489-ce94-4404-8506-31d4b6cd02b9	chr20	1784291	4801454	3	2	1
0e7ef489-ce94-4404-8506-31d4b6cd02b9	chr20	4802732	4813611	5	3	2
0e7ef489-ce94-4404-8506-31d4b6cd02b9	chr20	4814343	4894061	3	2	1
0e7ef489-ce94-4404-8506-31d4b6cd02b9	chr20	4895172	5408813	2	1	1
0e7ef489-ce94-4404-8506-31d4b6cd02b9	chr20	5416682	5737384	3	2	1
0e7ef489-ce94-4404-8506-31d4b6cd02b9	chr20	5737655	13897039	2	1	1
0e7ef489-ce94-4404-8506-31d4b6cd02b9	chr20	13897465	13983382	1	1	0
0e7ef489-ce94-4404-8506-31d4b6cd02b9	chr20	13984479	31256075	2	1	1
0e7ef489-ce94-4404-8506-31d4b6cd02b9	chr20	31256170	34250914	3	2	1
0e7ef489-ce94-4404-8506-31d4b6cd02b9	chr20	34252815	40549646	2	1	1
0e7ef489-ce94-4404-8506-31d4b6cd02b9	chr20	40549917	41655397	3	2	1
0e7ef489-ce94-4404-8506-31d4b6cd02b9	chr20	41655731	59130459	2	1	1
0e7ef489-ce94-4404-8506-31d4b6cd02b9	chr20	59130952	61232006	3	2	1
0e7ef489-ce94-4404-8506-31d4b6cd02b9	chr20	61233003	61386353	5	3	2
0e7ef489-ce94-4404-8506-31d4b6cd02b9	chr20	61386617	62555115	6	3	3
0e7ef489-ce94-4404-8506-31d4b6cd02b9	chr20	62557387	62831045	5	3	2
0e7ef489-ce94-4404-8506-31d4b6cd02b9	chr20	62835490	64170027	3	2	1
0e7ef489-ce94-4404-8506-31d4b6cd02b9	chr20	64170633	64324800	2	1	1
0e7ef489-ce94-4404-8506-31d4b6cd02b9	chr21	12973348	22267369	2	1	1
0e7ef489-ce94-4404-8506-31d4b6cd02b9	chr21	22268695	22291730	0	0	0
0e7ef489-ce94-4404-8506-31d4b6cd02b9	chr21	22292338	22746429	2	1	1
0e7ef489-ce94-4404-8506-31d4b6cd02b9	chr21	22748551	23026203	3	2	1
0e7ef489-ce94-4404-8506-31d4b6cd02b9	chr21	23026821	23226254	4	3	1
0e7ef489-ce94-4404-8506-31d4b6cd02b9	chr21	23227748	24257817	3	2	1
0e7ef489-ce94-4404-8506-31d4b6cd02b9	chr21	24264292	27191956	4	3	1
0e7ef489-ce94-4404-8506-31d4b6cd02b9	chr21	27192189	27923210	3	2	1
0e7ef489-ce94-4404-8506-31d4b6cd02b9	chr21	27927059	46677045	2	1	1
0e7ef489-ce94-4404-8506-31d4b6cd02b9	chr22	16392123	20705979	2	2	0
0e7ef489-ce94-4404-8506-31d4b6cd02b9	chr22	20706071	23710224	3	3	0
0e7ef489-ce94-4404-8506-31d4b6cd02b9	chr22	23711125	25445585	2	2	0
0e7ef489-ce94-4404-8506-31d4b6cd02b9	chr22	25445675	27042581	4	4	0
0e7ef489-ce94-4404-8506-31d4b6cd02b9	chr22	27042641	29182241	5	5	0
0e7ef489-ce94-4404-8506-31d4b6cd02b9	chr22	29184289	29522493	7	7	0
0e7ef489-ce94-4404-8506-31d4b6cd02b9	chr22	29524830	30054052	17	17	0
0e7ef489-ce94-4404-8506-31d4b6cd02b9	chr22	30054263	30628710	8	8	0
0e7ef489-ce94-4404-8506-31d4b6cd02b9	chr22	30628730	31227077	5	5	0
0e7ef489-ce94-4404-8506-31d4b6cd02b9	chr22	31227931	31632679	2	2	0
0e7ef489-ce94-4404-8506-31d4b6cd02b9	chr22	31632735	33823232	1	1	0
0e7ef489-ce94-4404-8506-31d4b6cd02b9	chr22	33823952	34937892	2	2	0
0e7ef489-ce94-4404-8506-31d4b6cd02b9	chr22	34937913	34949320	1	1	0
0e7ef489-ce94-4404-8506-31d4b6cd02b9	chr22	34949828	43337203	2	2	0
0e7ef489-ce94-4404-8506-31d4b6cd02b9	chr22	43340386	50796027	1	1	0
0e7ef489-ce94-4404-8506-31d4b6cd02b9	chrX	251810	27544645	1	1	0
0e7ef489-ce94-4404-8506-31d4b6cd02b9	chrX	27548200	27556281	0	0	0
0e7ef489-ce94-4404-8506-31d4b6cd02b9	chrX	27556294	35606167	1	1	0
0e7ef489-ce94-4404-8506-31d4b6cd02b9	chrX	35608257	35885393	2	2	0
0e7ef489-ce94-4404-8506-31d4b6cd02b9	chrX	35890594	56125690	1	1	0
0e7ef489-ce94-4404-8506-31d4b6cd02b9	chrX	56141047	63250575	2	1	1
0e7ef489-ce94-4404-8506-31d4b6cd02b9	chrX	63250976	95847630	1	1	0
0e7ef489-ce94-4404-8506-31d4b6cd02b9	chrX	95852982	96172930	2	2	0
0e7ef489-ce94-4404-8506-31d4b6cd02b9	chrX	96173568	125262487	1	1	0
0e7ef489-ce94-4404-8506-31d4b6cd02b9	chrX	125262703	125459029	2	2	0
0e7ef489-ce94-4404-8506-31d4b6cd02b9	chrX	125462391	133244250	1	1	0
0e7ef489-ce94-4404-8506-31d4b6cd02b9	chrX	133249296	134425777	2	2	0
0e7ef489-ce94-4404-8506-31d4b6cd02b9	chrX	134428167	135122116	3	3	0
0e7ef489-ce94-4404-8506-31d4b6cd02b9	chrX	135162713	140785011	1	1	0
0e7ef489-ce94-4404-8506-31d4b6cd02b9	chrX	140785027	141028291	2	2	0
0e7ef489-ce94-4404-8506-31d4b6cd02b9	chrX	141114958	151391512	1	1	0
0e7ef489-ce94-4404-8506-31d4b6cd02b9	chrX	151392164	156004181	2	2	0
0e7ef489-ce94-4404-8506-31d4b6cd02b9	chrY	2782397	26653788	0	0	0
0e7ef489-ce94-4404-8506-31d4b6cd02b9	chrY	56872112	56872112	7	7	0
