GDC_Aliquot	Chromosome	Start	End	Copy_Number	Major_Copy_Number	Minor_Copy_Number
4ca2c9fb-cff8-45b6-8a58-5b5926996519	chr1	62920	2524424	5	3	2
4ca2c9fb-cff8-45b6-8a58-5b5926996519	chr1	2524764	6994977	6	3	3
4ca2c9fb-cff8-45b6-8a58-5b5926996519	chr1	6995266	25292440	5	3	2
4ca2c9fb-cff8-45b6-8a58-5b5926996519	chr1	25292549	27646325	3	2	1
4ca2c9fb-cff8-45b6-8a58-5b5926996519	chr1	27647516	45842904	4	2	2
4ca2c9fb-cff8-45b6-8a58-5b5926996519	chr1	45843355	64738457	3	2	1
4ca2c9fb-cff8-45b6-8a58-5b5926996519	chr1	64746365	68693283	4	2	2
4ca2c9fb-cff8-45b6-8a58-5b5926996519	chr1	68695547	73415498	2	2	0
4ca2c9fb-cff8-45b6-8a58-5b5926996519	chr1	73427581	105476583	4	2	2
4ca2c9fb-cff8-45b6-8a58-5b5926996519	chr1	105476614	105479753	0	0	0
4ca2c9fb-cff8-45b6-8a58-5b5926996519	chr1	105481433	121705338	4	2	2
4ca2c9fb-cff8-45b6-8a58-5b5926996519	chr1	143541857	147045902	1	1	0
4ca2c9fb-cff8-45b6-8a58-5b5926996519	chr1	147050214	147261053	3	2	1
4ca2c9fb-cff8-45b6-8a58-5b5926996519	chr1	147261471	152167784	3	3	0
4ca2c9fb-cff8-45b6-8a58-5b5926996519	chr1	152167815	159445769	5	3	2
4ca2c9fb-cff8-45b6-8a58-5b5926996519	chr1	159446300	175755086	4	3	1
4ca2c9fb-cff8-45b6-8a58-5b5926996519	chr1	175756086	179142913	6	3	3
4ca2c9fb-cff8-45b6-8a58-5b5926996519	chr1	179142981	225426438	4	3	1
4ca2c9fb-cff8-45b6-8a58-5b5926996519	chr1	225433715	226670718	6	3	3
4ca2c9fb-cff8-45b6-8a58-5b5926996519	chr1	226671171	244340116	4	3	1
4ca2c9fb-cff8-45b6-8a58-5b5926996519	chr1	244340418	244444879	1	1	0
4ca2c9fb-cff8-45b6-8a58-5b5926996519	chr1	244449682	248930189	4	3	1
4ca2c9fb-cff8-45b6-8a58-5b5926996519	chr2	12784	38728724	3	2	1
4ca2c9fb-cff8-45b6-8a58-5b5926996519	chr2	38729805	66685728	4	2	2
4ca2c9fb-cff8-45b6-8a58-5b5926996519	chr2	66688325	66946040	6	4	2
4ca2c9fb-cff8-45b6-8a58-5b5926996519	chr2	66946769	127329092	4	2	2
4ca2c9fb-cff8-45b6-8a58-5b5926996519	chr2	127333173	127606563	3	2	1
4ca2c9fb-cff8-45b6-8a58-5b5926996519	chr2	127608876	128181699	4	2	2
4ca2c9fb-cff8-45b6-8a58-5b5926996519	chr2	128186392	128465075	6	4	2
4ca2c9fb-cff8-45b6-8a58-5b5926996519	chr2	128465804	157805277	4	2	2
4ca2c9fb-cff8-45b6-8a58-5b5926996519	chr2	157805752	174065969	6	4	2
4ca2c9fb-cff8-45b6-8a58-5b5926996519	chr2	174067024	183293721	8	4	4
4ca2c9fb-cff8-45b6-8a58-5b5926996519	chr2	183294308	187319532	6	4	2
4ca2c9fb-cff8-45b6-8a58-5b5926996519	chr2	187319773	194987702	5	3	2
4ca2c9fb-cff8-45b6-8a58-5b5926996519	chr2	194992659	214334355	3	2	1
4ca2c9fb-cff8-45b6-8a58-5b5926996519	chr2	214336583	214430798	2	2	0
4ca2c9fb-cff8-45b6-8a58-5b5926996519	chr2	214431003	214433546	2	1	1
4ca2c9fb-cff8-45b6-8a58-5b5926996519	chr2	214433943	242147305	2	2	0
4ca2c9fb-cff8-45b6-8a58-5b5926996519	chr3	20930	49659200	3	2	1
4ca2c9fb-cff8-45b6-8a58-5b5926996519	chr3	49659364	58246932	4	2	2
4ca2c9fb-cff8-45b6-8a58-5b5926996519	chr3	58250913	68670067	6	4	2
4ca2c9fb-cff8-45b6-8a58-5b5926996519	chr3	68671304	74238279	4	2	2
4ca2c9fb-cff8-45b6-8a58-5b5926996519	chr3	74242957	86080000	2	2	0
4ca2c9fb-cff8-45b6-8a58-5b5926996519	chr3	86086222	105374074	4	2	2
4ca2c9fb-cff8-45b6-8a58-5b5926996519	chr3	105375982	106024178	9	7	2
4ca2c9fb-cff8-45b6-8a58-5b5926996519	chr3	106024272	108143617	10	7	3
4ca2c9fb-cff8-45b6-8a58-5b5926996519	chr3	108146116	113876422	8	5	3
4ca2c9fb-cff8-45b6-8a58-5b5926996519	chr3	113880023	114425856	12	9	3
4ca2c9fb-cff8-45b6-8a58-5b5926996519	chr3	114425886	122684954	8	5	3
4ca2c9fb-cff8-45b6-8a58-5b5926996519	chr3	122688012	130044016	4	3	1
4ca2c9fb-cff8-45b6-8a58-5b5926996519	chr3	130044855	130087393	0	0	0
4ca2c9fb-cff8-45b6-8a58-5b5926996519	chr3	130088081	131904984	4	3	1
4ca2c9fb-cff8-45b6-8a58-5b5926996519	chr3	131907204	137034509	3	3	0
4ca2c9fb-cff8-45b6-8a58-5b5926996519	chr3	137035034	159450365	4	4	0
4ca2c9fb-cff8-45b6-8a58-5b5926996519	chr3	159451171	172667506	9	9	0
4ca2c9fb-cff8-45b6-8a58-5b5926996519	chr3	172668566	172706044	8	8	0
4ca2c9fb-cff8-45b6-8a58-5b5926996519	chr3	172706074	179234243	10	10	0
4ca2c9fb-cff8-45b6-8a58-5b5926996519	chr3	179234266	187728173	6	6	0
4ca2c9fb-cff8-45b6-8a58-5b5926996519	chr3	187728260	198169247	4	4	0
4ca2c9fb-cff8-45b6-8a58-5b5926996519	chr4	68929	94493	4	4	0
4ca2c9fb-cff8-45b6-8a58-5b5926996519	chr4	101934	224152	3	3	0
4ca2c9fb-cff8-45b6-8a58-5b5926996519	chr4	227834	2941685	8	8	0
4ca2c9fb-cff8-45b6-8a58-5b5926996519	chr4	2943789	4173850	12	8	4
4ca2c9fb-cff8-45b6-8a58-5b5926996519	chr4	4174887	5319207	8	4	4
4ca2c9fb-cff8-45b6-8a58-5b5926996519	chr4	5321568	6024191	4	4	0
4ca2c9fb-cff8-45b6-8a58-5b5926996519	chr4	6026610	8379352	9	5	4
4ca2c9fb-cff8-45b6-8a58-5b5926996519	chr4	8383944	19695005	4	4	0
4ca2c9fb-cff8-45b6-8a58-5b5926996519	chr4	19696107	24728496	2	2	0
4ca2c9fb-cff8-45b6-8a58-5b5926996519	chr4	24730228	36082667	3	2	1
4ca2c9fb-cff8-45b6-8a58-5b5926996519	chr4	36082856	36315452	1	1	0
4ca2c9fb-cff8-45b6-8a58-5b5926996519	chr4	36315637	49656595	2	2	0
4ca2c9fb-cff8-45b6-8a58-5b5926996519	chr4	51819533	52846376	6	4	2
4ca2c9fb-cff8-45b6-8a58-5b5926996519	chr4	52849250	54993081	3	2	1
4ca2c9fb-cff8-45b6-8a58-5b5926996519	chr4	54997389	55265758	5	3	2
4ca2c9fb-cff8-45b6-8a58-5b5926996519	chr4	55265853	56113758	4	2	2
4ca2c9fb-cff8-45b6-8a58-5b5926996519	chr4	56114065	56236616	5	3	2
4ca2c9fb-cff8-45b6-8a58-5b5926996519	chr4	56238228	56562219	4	2	2
4ca2c9fb-cff8-45b6-8a58-5b5926996519	chr4	56563417	56790242	6	4	2
4ca2c9fb-cff8-45b6-8a58-5b5926996519	chr4	56791373	71063201	4	2	2
4ca2c9fb-cff8-45b6-8a58-5b5926996519	chr4	71071728	71581029	2	2	0
4ca2c9fb-cff8-45b6-8a58-5b5926996519	chr4	71581704	72942790	4	2	2
4ca2c9fb-cff8-45b6-8a58-5b5926996519	chr4	72945939	74895350	2	2	0
4ca2c9fb-cff8-45b6-8a58-5b5926996519	chr4	74910341	75175812	6	4	2
4ca2c9fb-cff8-45b6-8a58-5b5926996519	chr4	75187778	76443314	2	2	0
4ca2c9fb-cff8-45b6-8a58-5b5926996519	chr4	76443593	79408924	5	3	2
4ca2c9fb-cff8-45b6-8a58-5b5926996519	chr4	79409431	81643126	3	2	1
4ca2c9fb-cff8-45b6-8a58-5b5926996519	chr4	81643907	82784131	7	5	2
4ca2c9fb-cff8-45b6-8a58-5b5926996519	chr4	82786855	82794955	8	7	1
4ca2c9fb-cff8-45b6-8a58-5b5926996519	chr4	82796815	121031001	2	2	0
4ca2c9fb-cff8-45b6-8a58-5b5926996519	chr4	121036404	121078947	1	1	0
4ca2c9fb-cff8-45b6-8a58-5b5926996519	chr4	121080039	190106768	2	2	0
4ca2c9fb-cff8-45b6-8a58-5b5926996519	chr5	15532	1936939	5	3	2
4ca2c9fb-cff8-45b6-8a58-5b5926996519	chr5	1937749	16537364	4	2	2
4ca2c9fb-cff8-45b6-8a58-5b5926996519	chr5	16539029	30888632	5	3	2
4ca2c9fb-cff8-45b6-8a58-5b5926996519	chr5	30888667	43024687	3	2	1
4ca2c9fb-cff8-45b6-8a58-5b5926996519	chr5	43028119	52896024	4	2	2
4ca2c9fb-cff8-45b6-8a58-5b5926996519	chr5	52896267	55369026	3	2	1
4ca2c9fb-cff8-45b6-8a58-5b5926996519	chr5	55371648	169015092	2	2	0
4ca2c9fb-cff8-45b6-8a58-5b5926996519	chr5	169015184	181363319	4	2	2
4ca2c9fb-cff8-45b6-8a58-5b5926996519	chr6	149661	476395	4	2	2
4ca2c9fb-cff8-45b6-8a58-5b5926996519	chr6	483629	24715993	5	3	2
4ca2c9fb-cff8-45b6-8a58-5b5926996519	chr6	24721439	45739767	2	2	0
4ca2c9fb-cff8-45b6-8a58-5b5926996519	chr6	45740119	52005959	4	2	2
4ca2c9fb-cff8-45b6-8a58-5b5926996519	chr6	52007339	52838968	6	4	2
4ca2c9fb-cff8-45b6-8a58-5b5926996519	chr6	52841346	64175445	4	2	2
4ca2c9fb-cff8-45b6-8a58-5b5926996519	chr6	64175965	66802069	5	3	2
4ca2c9fb-cff8-45b6-8a58-5b5926996519	chr6	66802789	74133055	2	2	0
4ca2c9fb-cff8-45b6-8a58-5b5926996519	chr6	74133216	170741917	3	3	0
4ca2c9fb-cff8-45b6-8a58-5b5926996519	chr7	43259	4270765	2	2	0
4ca2c9fb-cff8-45b6-8a58-5b5926996519	chr7	4271684	4602181	5	5	0
4ca2c9fb-cff8-45b6-8a58-5b5926996519	chr7	4604008	8710500	2	2	0
4ca2c9fb-cff8-45b6-8a58-5b5926996519	chr7	8710971	34264852	3	3	0
4ca2c9fb-cff8-45b6-8a58-5b5926996519	chr7	34275646	38910338	2	2	0
4ca2c9fb-cff8-45b6-8a58-5b5926996519	chr7	38919360	43569710	3	2	1
4ca2c9fb-cff8-45b6-8a58-5b5926996519	chr7	43569993	95276945	4	2	2
4ca2c9fb-cff8-45b6-8a58-5b5926996519	chr7	95279193	95282845	6	3	3
4ca2c9fb-cff8-45b6-8a58-5b5926996519	chr7	95283092	130951778	4	2	2
4ca2c9fb-cff8-45b6-8a58-5b5926996519	chr7	130955852	131028942	4	3	1
4ca2c9fb-cff8-45b6-8a58-5b5926996519	chr7	131032964	159334314	6	4	2
4ca2c9fb-cff8-45b6-8a58-5b5926996519	chr8	81254	7974123	4	3	1
4ca2c9fb-cff8-45b6-8a58-5b5926996519	chr8	7981252	10719932	3	2	1
4ca2c9fb-cff8-45b6-8a58-5b5926996519	chr8	10721462	12693259	4	3	1
4ca2c9fb-cff8-45b6-8a58-5b5926996519	chr8	12693626	35018096	3	2	1
4ca2c9fb-cff8-45b6-8a58-5b5926996519	chr8	35020816	39373140	4	2	2
4ca2c9fb-cff8-45b6-8a58-5b5926996519	chr8	39378084	39442045	0	0	0
4ca2c9fb-cff8-45b6-8a58-5b5926996519	chr8	39444273	110961705	4	2	2
4ca2c9fb-cff8-45b6-8a58-5b5926996519	chr8	110964110	142705196	5	3	2
4ca2c9fb-cff8-45b6-8a58-5b5926996519	chr8	142705417	145072769	6	3	3
4ca2c9fb-cff8-45b6-8a58-5b5926996519	chr9	46587	29991143	4	2	2
4ca2c9fb-cff8-45b6-8a58-5b5926996519	chr9	29991405	32909221	3	2	1
4ca2c9fb-cff8-45b6-8a58-5b5926996519	chr9	32909261	94704600	4	2	2
4ca2c9fb-cff8-45b6-8a58-5b5926996519	chr9	94704620	94885045	6	4	2
4ca2c9fb-cff8-45b6-8a58-5b5926996519	chr9	94885510	122417496	4	2	2
4ca2c9fb-cff8-45b6-8a58-5b5926996519	chr9	122420327	122544123	2	2	0
4ca2c9fb-cff8-45b6-8a58-5b5926996519	chr9	122544739	122616615	1	1	0
4ca2c9fb-cff8-45b6-8a58-5b5926996519	chr9	122617948	131396713	2	2	0
4ca2c9fb-cff8-45b6-8a58-5b5926996519	chr9	131396988	138200944	5	3	2
4ca2c9fb-cff8-45b6-8a58-5b5926996519	chr10	45792	7676090	4	2	2
4ca2c9fb-cff8-45b6-8a58-5b5926996519	chr10	7676291	7693913	2	1	1
4ca2c9fb-cff8-45b6-8a58-5b5926996519	chr10	7694941	8568164	5	3	2
4ca2c9fb-cff8-45b6-8a58-5b5926996519	chr10	8568964	25497979	4	2	2
4ca2c9fb-cff8-45b6-8a58-5b5926996519	chr10	25498138	25936607	3	2	1
4ca2c9fb-cff8-45b6-8a58-5b5926996519	chr10	25937974	45549523	4	2	2
4ca2c9fb-cff8-45b6-8a58-5b5926996519	chr10	45550313	62489381	3	2	1
4ca2c9fb-cff8-45b6-8a58-5b5926996519	chr10	62491552	62514497	0	0	0
4ca2c9fb-cff8-45b6-8a58-5b5926996519	chr10	62517779	73963842	3	2	1
4ca2c9fb-cff8-45b6-8a58-5b5926996519	chr10	73966556	92352985	2	2	0
4ca2c9fb-cff8-45b6-8a58-5b5926996519	chr10	92356476	92492705	6	6	0
4ca2c9fb-cff8-45b6-8a58-5b5926996519	chr10	92493869	97964324	2	2	0
4ca2c9fb-cff8-45b6-8a58-5b5926996519	chr10	97966704	105005139	3	3	0
4ca2c9fb-cff8-45b6-8a58-5b5926996519	chr10	105006436	105029533	4	4	0
4ca2c9fb-cff8-45b6-8a58-5b5926996519	chr10	105029936	133408268	3	3	0
4ca2c9fb-cff8-45b6-8a58-5b5926996519	chr10	133410868	133468240	1	1	0
4ca2c9fb-cff8-45b6-8a58-5b5926996519	chr10	133468697	133557363	0	0	0
4ca2c9fb-cff8-45b6-8a58-5b5926996519	chr10	133557601	133654968	1	1	0
4ca2c9fb-cff8-45b6-8a58-5b5926996519	chr11	198510	5822555	2	2	0
4ca2c9fb-cff8-45b6-8a58-5b5926996519	chr11	5823123	7544463	4	4	0
4ca2c9fb-cff8-45b6-8a58-5b5926996519	chr11	7546374	14389183	2	2	0
4ca2c9fb-cff8-45b6-8a58-5b5926996519	chr11	14389458	14768037	3	3	0
4ca2c9fb-cff8-45b6-8a58-5b5926996519	chr11	14776386	46921042	2	2	0
4ca2c9fb-cff8-45b6-8a58-5b5926996519	chr11	46921212	64720046	3	2	1
4ca2c9fb-cff8-45b6-8a58-5b5926996519	chr11	64720582	78689973	5	3	2
4ca2c9fb-cff8-45b6-8a58-5b5926996519	chr11	78690191	88713024	4	2	2
4ca2c9fb-cff8-45b6-8a58-5b5926996519	chr11	88713212	89015142	7	5	2
4ca2c9fb-cff8-45b6-8a58-5b5926996519	chr11	89016559	91142032	8	6	2
4ca2c9fb-cff8-45b6-8a58-5b5926996519	chr11	91147507	100382774	5	3	2
4ca2c9fb-cff8-45b6-8a58-5b5926996519	chr11	100390695	113099275	3	2	1
4ca2c9fb-cff8-45b6-8a58-5b5926996519	chr11	113099611	114456978	2	2	0
4ca2c9fb-cff8-45b6-8a58-5b5926996519	chr11	114457563	126169577	4	2	2
4ca2c9fb-cff8-45b6-8a58-5b5926996519	chr11	126169817	135074876	5	3	2
4ca2c9fb-cff8-45b6-8a58-5b5926996519	chr12	51460	144256	2	2	0
4ca2c9fb-cff8-45b6-8a58-5b5926996519	chr12	144962	2226630	5	5	0
4ca2c9fb-cff8-45b6-8a58-5b5926996519	chr12	2226775	2710874	2	2	0
4ca2c9fb-cff8-45b6-8a58-5b5926996519	chr12	2711910	2722213	6	5	1
4ca2c9fb-cff8-45b6-8a58-5b5926996519	chr12	2722315	3301406	6	6	0
4ca2c9fb-cff8-45b6-8a58-5b5926996519	chr12	3302272	3841442	2	2	0
4ca2c9fb-cff8-45b6-8a58-5b5926996519	chr12	3841672	3988939	5	5	0
4ca2c9fb-cff8-45b6-8a58-5b5926996519	chr12	3989159	4061869	2	2	0
4ca2c9fb-cff8-45b6-8a58-5b5926996519	chr12	4068682	4373496	5	5	0
4ca2c9fb-cff8-45b6-8a58-5b5926996519	chr12	4377803	4965769	2	2	0
4ca2c9fb-cff8-45b6-8a58-5b5926996519	chr12	4966627	5115492	5	5	0
4ca2c9fb-cff8-45b6-8a58-5b5926996519	chr12	5116245	5201185	2	2	0
4ca2c9fb-cff8-45b6-8a58-5b5926996519	chr12	5202529	5646161	5	5	0
4ca2c9fb-cff8-45b6-8a58-5b5926996519	chr12	5648068	5716281	2	2	0
4ca2c9fb-cff8-45b6-8a58-5b5926996519	chr12	5716513	7801455	5	5	0
4ca2c9fb-cff8-45b6-8a58-5b5926996519	chr12	7805181	8532310	6	6	0
4ca2c9fb-cff8-45b6-8a58-5b5926996519	chr12	8535216	8552799	5	5	0
4ca2c9fb-cff8-45b6-8a58-5b5926996519	chr12	8552810	9686849	6	6	0
4ca2c9fb-cff8-45b6-8a58-5b5926996519	chr12	9687442	13774776	9	9	0
4ca2c9fb-cff8-45b6-8a58-5b5926996519	chr12	13774962	14495940	6	6	0
4ca2c9fb-cff8-45b6-8a58-5b5926996519	chr12	14499646	16191090	9	9	0
4ca2c9fb-cff8-45b6-8a58-5b5926996519	chr12	16191241	16213465	6	6	0
4ca2c9fb-cff8-45b6-8a58-5b5926996519	chr12	16215769	18951026	10	10	0
4ca2c9fb-cff8-45b6-8a58-5b5926996519	chr12	18951073	22132368	13	10	3
4ca2c9fb-cff8-45b6-8a58-5b5926996519	chr12	22142183	22297811	9	6	3
4ca2c9fb-cff8-45b6-8a58-5b5926996519	chr12	22302215	26686814	13	10	3
4ca2c9fb-cff8-45b6-8a58-5b5926996519	chr12	26690258	30183814	5	3	2
4ca2c9fb-cff8-45b6-8a58-5b5926996519	chr12	30184276	33141726	4	2	2
4ca2c9fb-cff8-45b6-8a58-5b5926996519	chr12	33146857	33150557	0	0	0
4ca2c9fb-cff8-45b6-8a58-5b5926996519	chr12	33150623	42770310	4	2	2
4ca2c9fb-cff8-45b6-8a58-5b5926996519	chr12	42770327	96453816	2	2	0
4ca2c9fb-cff8-45b6-8a58-5b5926996519	chr12	96456215	98946052	3	3	0
4ca2c9fb-cff8-45b6-8a58-5b5926996519	chr12	98954735	114312518	5	5	0
4ca2c9fb-cff8-45b6-8a58-5b5926996519	chr12	114314147	119118082	4	4	0
4ca2c9fb-cff8-45b6-8a58-5b5926996519	chr12	119118545	119119544	2	2	0
4ca2c9fb-cff8-45b6-8a58-5b5926996519	chr12	119119682	119150148	3	3	0
4ca2c9fb-cff8-45b6-8a58-5b5926996519	chr12	119155126	125603947	2	2	0
4ca2c9fb-cff8-45b6-8a58-5b5926996519	chr12	125605293	126677255	4	2	2
4ca2c9fb-cff8-45b6-8a58-5b5926996519	chr12	126677669	126760393	7	5	2
4ca2c9fb-cff8-45b6-8a58-5b5926996519	chr12	126761021	128235166	4	2	2
4ca2c9fb-cff8-45b6-8a58-5b5926996519	chr12	128236698	128449386	7	5	2
4ca2c9fb-cff8-45b6-8a58-5b5926996519	chr12	128449618	129996590	4	2	2
4ca2c9fb-cff8-45b6-8a58-5b5926996519	chr12	129996764	130052167	7	5	2
4ca2c9fb-cff8-45b6-8a58-5b5926996519	chr12	130055249	130674385	4	2	2
4ca2c9fb-cff8-45b6-8a58-5b5926996519	chr12	130674698	132681263	7	5	2
4ca2c9fb-cff8-45b6-8a58-5b5926996519	chr12	132685656	133201603	2	2	0
4ca2c9fb-cff8-45b6-8a58-5b5926996519	chr13	18452809	41437380	4	4	0
4ca2c9fb-cff8-45b6-8a58-5b5926996519	chr13	41441320	48929729	3	3	0
4ca2c9fb-cff8-45b6-8a58-5b5926996519	chr13	48932726	76573417	4	4	0
4ca2c9fb-cff8-45b6-8a58-5b5926996519	chr13	76577680	79903681	3	3	0
4ca2c9fb-cff8-45b6-8a58-5b5926996519	chr13	79905162	114342922	4	4	0
4ca2c9fb-cff8-45b6-8a58-5b5926996519	chr14	18239283	20054562	7	4	3
4ca2c9fb-cff8-45b6-8a58-5b5926996519	chr14	20054840	20770838	5	3	2
4ca2c9fb-cff8-45b6-8a58-5b5926996519	chr14	20770945	22325865	4	2	2
4ca2c9fb-cff8-45b6-8a58-5b5926996519	chr14	22326102	22375032	5	3	2
4ca2c9fb-cff8-45b6-8a58-5b5926996519	chr14	22375173	50875135	4	2	2
4ca2c9fb-cff8-45b6-8a58-5b5926996519	chr14	50875169	50985323	5	3	2
4ca2c9fb-cff8-45b6-8a58-5b5926996519	chr14	50988338	78869237	3	2	1
4ca2c9fb-cff8-45b6-8a58-5b5926996519	chr14	78876625	80528733	1	1	0
4ca2c9fb-cff8-45b6-8a58-5b5926996519	chr14	80529723	80536077	0	0	0
4ca2c9fb-cff8-45b6-8a58-5b5926996519	chr14	80536543	106877229	2	2	0
4ca2c9fb-cff8-45b6-8a58-5b5926996519	chr15	19811075	77761900	2	2	0
4ca2c9fb-cff8-45b6-8a58-5b5926996519	chr15	77770750	101928837	5	5	0
4ca2c9fb-cff8-45b6-8a58-5b5926996519	chr16	10777	4120522	4	3	1
4ca2c9fb-cff8-45b6-8a58-5b5926996519	chr16	4123565	11941719	3	2	1
4ca2c9fb-cff8-45b6-8a58-5b5926996519	chr16	11945489	12091953	1	1	0
4ca2c9fb-cff8-45b6-8a58-5b5926996519	chr16	12094235	36048855	3	2	1
4ca2c9fb-cff8-45b6-8a58-5b5926996519	chr16	46441986	48569315	5	3	2
4ca2c9fb-cff8-45b6-8a58-5b5926996519	chr16	48570185	77732955	3	2	1
4ca2c9fb-cff8-45b6-8a58-5b5926996519	chr16	77737755	90096867	1	1	0
4ca2c9fb-cff8-45b6-8a58-5b5926996519	chr17	150733	4259736	2	2	0
4ca2c9fb-cff8-45b6-8a58-5b5926996519	chr17	4260253	5100015	3	3	0
4ca2c9fb-cff8-45b6-8a58-5b5926996519	chr17	5102453	22727748	2	2	0
4ca2c9fb-cff8-45b6-8a58-5b5926996519	chr17	22728414	27430463	3	3	0
4ca2c9fb-cff8-45b6-8a58-5b5926996519	chr17	27430849	46085732	2	2	0
4ca2c9fb-cff8-45b6-8a58-5b5926996519	chr17	46088437	46284643	5	5	0
4ca2c9fb-cff8-45b6-8a58-5b5926996519	chr17	46284997	77126461	2	2	0
4ca2c9fb-cff8-45b6-8a58-5b5926996519	chr17	77126582	83091923	3	3	0
4ca2c9fb-cff8-45b6-8a58-5b5926996519	chr18	48133	43686562	4	2	2
4ca2c9fb-cff8-45b6-8a58-5b5926996519	chr18	43686998	67327717	2	2	0
4ca2c9fb-cff8-45b6-8a58-5b5926996519	chr18	67328879	67684353	0	0	0
4ca2c9fb-cff8-45b6-8a58-5b5926996519	chr18	67690100	80257174	2	2	0
4ca2c9fb-cff8-45b6-8a58-5b5926996519	chr19	90910	6622308	3	3	0
4ca2c9fb-cff8-45b6-8a58-5b5926996519	chr19	6623780	46989202	2	2	0
4ca2c9fb-cff8-45b6-8a58-5b5926996519	chr19	46989520	58586487	4	2	2
4ca2c9fb-cff8-45b6-8a58-5b5926996519	chr20	80664	8524502	6	4	2
4ca2c9fb-cff8-45b6-8a58-5b5926996519	chr20	8531240	14694942	4	2	2
4ca2c9fb-cff8-45b6-8a58-5b5926996519	chr20	14696454	14943613	6	4	2
4ca2c9fb-cff8-45b6-8a58-5b5926996519	chr20	14952250	37601033	4	2	2
4ca2c9fb-cff8-45b6-8a58-5b5926996519	chr20	37602042	42234615	3	2	1
4ca2c9fb-cff8-45b6-8a58-5b5926996519	chr20	42235007	59197642	4	2	2
4ca2c9fb-cff8-45b6-8a58-5b5926996519	chr20	59198066	64324800	5	3	2
4ca2c9fb-cff8-45b6-8a58-5b5926996519	chr21	12973348	46677045	2	2	0
4ca2c9fb-cff8-45b6-8a58-5b5926996519	chr22	16392123	50796027	2	2	0
4ca2c9fb-cff8-45b6-8a58-5b5926996519	chrX	251810	3771394	6	6	0
4ca2c9fb-cff8-45b6-8a58-5b5926996519	chrX	3777217	10249084	2	2	0
4ca2c9fb-cff8-45b6-8a58-5b5926996519	chrX	10253449	10266819	1	1	0
4ca2c9fb-cff8-45b6-8a58-5b5926996519	chrX	10267860	16170445	2	2	0
4ca2c9fb-cff8-45b6-8a58-5b5926996519	chrX	16175942	16229784	1	1	0
4ca2c9fb-cff8-45b6-8a58-5b5926996519	chrX	16229898	84960634	2	2	0
4ca2c9fb-cff8-45b6-8a58-5b5926996519	chrX	84961380	85001439	0	0	0
4ca2c9fb-cff8-45b6-8a58-5b5926996519	chrX	85005111	156004181	2	2	0
4ca2c9fb-cff8-45b6-8a58-5b5926996519	chrY	2782397	21620032	0	0	0
4ca2c9fb-cff8-45b6-8a58-5b5926996519	chrY	21620776	26653788	1	1	0
4ca2c9fb-cff8-45b6-8a58-5b5926996519	chrY	56872112	56872112	16	16	0
