GDC_Aliquot	Chromosome	Start	End	Copy_Number	Major_Copy_Number	Minor_Copy_Number
20b9a875-71ea-4849-8942-a9dc2728836d	chr1	62920	3974037	4	3	1
20b9a875-71ea-4849-8942-a9dc2728836d	chr1	3975476	5657492	2	2	0
20b9a875-71ea-4849-8942-a9dc2728836d	chr1	5657956	6103865	3	3	0
20b9a875-71ea-4849-8942-a9dc2728836d	chr1	6116631	10408661	2	2	0
20b9a875-71ea-4849-8942-a9dc2728836d	chr1	10424359	40764542	5	3	2
20b9a875-71ea-4849-8942-a9dc2728836d	chr1	40765752	41807775	6	3	3
20b9a875-71ea-4849-8942-a9dc2728836d	chr1	41807982	86848809	5	3	2
20b9a875-71ea-4849-8942-a9dc2728836d	chr1	86849596	91654119	6	3	3
20b9a875-71ea-4849-8942-a9dc2728836d	chr1	91655718	111248512	7	4	3
20b9a875-71ea-4849-8942-a9dc2728836d	chr1	111248881	114428024	6	3	3
20b9a875-71ea-4849-8942-a9dc2728836d	chr1	114428298	121705338	5	3	2
20b9a875-71ea-4849-8942-a9dc2728836d	chr1	143541857	168531746	7	5	2
20b9a875-71ea-4849-8942-a9dc2728836d	chr1	168532215	169098516	4	2	2
20b9a875-71ea-4849-8942-a9dc2728836d	chr1	169098605	184812058	5	3	2
20b9a875-71ea-4849-8942-a9dc2728836d	chr1	184813758	185598989	6	3	3
20b9a875-71ea-4849-8942-a9dc2728836d	chr1	185603915	187744309	5	3	2
20b9a875-71ea-4849-8942-a9dc2728836d	chr1	187745476	192920036	4	3	1
20b9a875-71ea-4849-8942-a9dc2728836d	chr1	192920041	197275607	5	4	1
20b9a875-71ea-4849-8942-a9dc2728836d	chr1	197276010	201031757	4	3	1
20b9a875-71ea-4849-8942-a9dc2728836d	chr1	201033045	201915774	5	4	1
20b9a875-71ea-4849-8942-a9dc2728836d	chr1	201917274	202227803	6	5	1
20b9a875-71ea-4849-8942-a9dc2728836d	chr1	202229916	208903069	4	3	1
20b9a875-71ea-4849-8942-a9dc2728836d	chr1	208903927	219091880	3	3	0
20b9a875-71ea-4849-8942-a9dc2728836d	chr1	219092038	248930189	4	3	1
20b9a875-71ea-4849-8942-a9dc2728836d	chr2	12784	3476939	4	4	0
20b9a875-71ea-4849-8942-a9dc2728836d	chr2	3477866	3507273	9	8	1
20b9a875-71ea-4849-8942-a9dc2728836d	chr2	3511778	26205263	4	4	0
20b9a875-71ea-4849-8942-a9dc2728836d	chr2	26206582	29693833	6	6	0
20b9a875-71ea-4849-8942-a9dc2728836d	chr2	29694284	29852145	5	5	0
20b9a875-71ea-4849-8942-a9dc2728836d	chr2	29852185	30804771	6	6	0
20b9a875-71ea-4849-8942-a9dc2728836d	chr2	30806079	36661993	5	5	0
20b9a875-71ea-4849-8942-a9dc2728836d	chr2	36668159	36706086	8	7	1
20b9a875-71ea-4849-8942-a9dc2728836d	chr2	36709207	40252768	5	5	0
20b9a875-71ea-4849-8942-a9dc2728836d	chr2	40254220	42924207	6	5	1
20b9a875-71ea-4849-8942-a9dc2728836d	chr2	42925752	50853303	7	5	2
20b9a875-71ea-4849-8942-a9dc2728836d	chr2	50853343	69483792	4	2	2
20b9a875-71ea-4849-8942-a9dc2728836d	chr2	69485112	80018104	3	2	1
20b9a875-71ea-4849-8942-a9dc2728836d	chr2	80020860	88824725	4	2	2
20b9a875-71ea-4849-8942-a9dc2728836d	chr2	88825975	97211436	9	6	3
20b9a875-71ea-4849-8942-a9dc2728836d	chr2	97524284	100130395	6	5	1
20b9a875-71ea-4849-8942-a9dc2728836d	chr2	100132706	108409928	7	5	2
20b9a875-71ea-4849-8942-a9dc2728836d	chr2	108411687	129786525	6	5	1
20b9a875-71ea-4849-8942-a9dc2728836d	chr2	129786667	137707116	4	3	1
20b9a875-71ea-4849-8942-a9dc2728836d	chr2	137707466	153917628	5	3	2
20b9a875-71ea-4849-8942-a9dc2728836d	chr2	153918155	158156276	8	4	4
20b9a875-71ea-4849-8942-a9dc2728836d	chr2	158157209	163840372	9	5	4
20b9a875-71ea-4849-8942-a9dc2728836d	chr2	163841384	187615593	8	4	4
20b9a875-71ea-4849-8942-a9dc2728836d	chr2	187616023	205554294	7	4	3
20b9a875-71ea-4849-8942-a9dc2728836d	chr2	205557416	205562528	15	8	7
20b9a875-71ea-4849-8942-a9dc2728836d	chr2	205562776	207490231	7	4	3
20b9a875-71ea-4849-8942-a9dc2728836d	chr2	207490454	207494612	0	0	0
20b9a875-71ea-4849-8942-a9dc2728836d	chr2	207494752	219761207	7	4	3
20b9a875-71ea-4849-8942-a9dc2728836d	chr2	219762384	232868642	5	3	2
20b9a875-71ea-4849-8942-a9dc2728836d	chr2	232869373	232926201	8	4	4
20b9a875-71ea-4849-8942-a9dc2728836d	chr2	232926898	242147305	5	3	2
20b9a875-71ea-4849-8942-a9dc2728836d	chr3	20930	9199203	3	2	1
20b9a875-71ea-4849-8942-a9dc2728836d	chr3	9200492	16509780	4	3	1
20b9a875-71ea-4849-8942-a9dc2728836d	chr3	16510288	16638984	3	2	1
20b9a875-71ea-4849-8942-a9dc2728836d	chr3	16639160	43958869	4	3	1
20b9a875-71ea-4849-8942-a9dc2728836d	chr3	43962228	56018811	3	2	1
20b9a875-71ea-4849-8942-a9dc2728836d	chr3	56020049	60229092	4	2	2
20b9a875-71ea-4849-8942-a9dc2728836d	chr3	60230522	60412423	1	1	0
20b9a875-71ea-4849-8942-a9dc2728836d	chr3	60412570	63000998	4	2	2
20b9a875-71ea-4849-8942-a9dc2728836d	chr3	63005500	88923479	8	6	2
20b9a875-71ea-4849-8942-a9dc2728836d	chr3	88923677	96280510	6	3	3
20b9a875-71ea-4849-8942-a9dc2728836d	chr3	96284862	96327940	8	5	3
20b9a875-71ea-4849-8942-a9dc2728836d	chr3	96328659	99864516	4	3	1
20b9a875-71ea-4849-8942-a9dc2728836d	chr3	99864640	108827823	3	2	1
20b9a875-71ea-4849-8942-a9dc2728836d	chr3	108828572	109738270	4	2	2
20b9a875-71ea-4849-8942-a9dc2728836d	chr3	109740560	110527183	3	2	1
20b9a875-71ea-4849-8942-a9dc2728836d	chr3	110527229	113089236	4	2	2
20b9a875-71ea-4849-8942-a9dc2728836d	chr3	113092361	115524884	5	3	2
20b9a875-71ea-4849-8942-a9dc2728836d	chr3	115526579	115905636	4	3	1
20b9a875-71ea-4849-8942-a9dc2728836d	chr3	115906009	116724873	1	1	0
20b9a875-71ea-4849-8942-a9dc2728836d	chr3	116725029	117092325	5	3	2
20b9a875-71ea-4849-8942-a9dc2728836d	chr3	117092346	117582957	4	3	1
20b9a875-71ea-4849-8942-a9dc2728836d	chr3	117583190	122336785	5	3	2
20b9a875-71ea-4849-8942-a9dc2728836d	chr3	122337585	130057833	4	3	1
20b9a875-71ea-4849-8942-a9dc2728836d	chr3	130062033	130087393	0	0	0
20b9a875-71ea-4849-8942-a9dc2728836d	chr3	130088081	149436985	4	3	1
20b9a875-71ea-4849-8942-a9dc2728836d	chr3	149437531	152672948	8	4	4
20b9a875-71ea-4849-8942-a9dc2728836d	chr3	152674219	161802822	6	3	3
20b9a875-71ea-4849-8942-a9dc2728836d	chr3	161802952	198169247	7	5	2
20b9a875-71ea-4849-8942-a9dc2728836d	chr4	68929	10199034	3	3	0
20b9a875-71ea-4849-8942-a9dc2728836d	chr4	10199094	18919072	2	2	0
20b9a875-71ea-4849-8942-a9dc2728836d	chr4	18920212	18922334	0	0	0
20b9a875-71ea-4849-8942-a9dc2728836d	chr4	18923059	34777432	2	2	0
20b9a875-71ea-4849-8942-a9dc2728836d	chr4	34784878	34823103	0	0	0
20b9a875-71ea-4849-8942-a9dc2728836d	chr4	34828250	56331527	2	2	0
20b9a875-71ea-4849-8942-a9dc2728836d	chr4	56341704	57881674	3	3	0
20b9a875-71ea-4849-8942-a9dc2728836d	chr4	57883876	62051053	2	2	0
20b9a875-71ea-4849-8942-a9dc2728836d	chr4	62053463	65907822	4	4	0
20b9a875-71ea-4849-8942-a9dc2728836d	chr4	65908015	68323022	3	3	0
20b9a875-71ea-4849-8942-a9dc2728836d	chr4	68323330	71846271	4	4	0
20b9a875-71ea-4849-8942-a9dc2728836d	chr4	71846293	75150750	2	2	0
20b9a875-71ea-4849-8942-a9dc2728836d	chr4	75153470	78965898	3	3	0
20b9a875-71ea-4849-8942-a9dc2728836d	chr4	78968657	82616116	4	4	0
20b9a875-71ea-4849-8942-a9dc2728836d	chr4	82616624	82642836	7	7	0
20b9a875-71ea-4849-8942-a9dc2728836d	chr4	82643383	86564281	4	4	0
20b9a875-71ea-4849-8942-a9dc2728836d	chr4	86564326	99121070	2	2	0
20b9a875-71ea-4849-8942-a9dc2728836d	chr4	99121091	107471510	1	1	0
20b9a875-71ea-4849-8942-a9dc2728836d	chr4	107472188	110909540	2	2	0
20b9a875-71ea-4849-8942-a9dc2728836d	chr4	110910790	119026891	3	3	0
20b9a875-71ea-4849-8942-a9dc2728836d	chr4	119026904	119135270	4	4	0
20b9a875-71ea-4849-8942-a9dc2728836d	chr4	119138445	190106768	3	3	0
20b9a875-71ea-4849-8942-a9dc2728836d	chr5	15532	9374308	3	2	1
20b9a875-71ea-4849-8942-a9dc2728836d	chr5	9376625	12270479	4	3	1
20b9a875-71ea-4849-8942-a9dc2728836d	chr5	12270833	14119666	5	3	2
20b9a875-71ea-4849-8942-a9dc2728836d	chr5	14120004	38205375	6	3	3
20b9a875-71ea-4849-8942-a9dc2728836d	chr5	38205483	42911303	7	5	2
20b9a875-71ea-4849-8942-a9dc2728836d	chr5	42911361	50146124	10	7	3
20b9a875-71ea-4849-8942-a9dc2728836d	chr5	50151472	55679763	2	2	0
20b9a875-71ea-4849-8942-a9dc2728836d	chr5	55682438	56136188	6	3	3
20b9a875-71ea-4849-8942-a9dc2728836d	chr5	56136515	62311626	2	2	0
20b9a875-71ea-4849-8942-a9dc2728836d	chr5	62313323	107092071	3	3	0
20b9a875-71ea-4849-8942-a9dc2728836d	chr5	107093144	114711204	4	3	1
20b9a875-71ea-4849-8942-a9dc2728836d	chr5	114711925	142670224	5	4	1
20b9a875-71ea-4849-8942-a9dc2728836d	chr5	142670731	142698504	8	6	2
20b9a875-71ea-4849-8942-a9dc2728836d	chr5	142699717	143828316	5	4	1
20b9a875-71ea-4849-8942-a9dc2728836d	chr5	143828485	149736489	4	3	1
20b9a875-71ea-4849-8942-a9dc2728836d	chr5	149738137	149844341	3	3	0
20b9a875-71ea-4849-8942-a9dc2728836d	chr5	149844767	160392271	4	3	1
20b9a875-71ea-4849-8942-a9dc2728836d	chr5	160392362	173296329	5	3	2
20b9a875-71ea-4849-8942-a9dc2728836d	chr5	173296978	181363319	7	5	2
20b9a875-71ea-4849-8942-a9dc2728836d	chr6	149661	10247426	5	3	2
20b9a875-71ea-4849-8942-a9dc2728836d	chr6	10247585	14073697	6	3	3
20b9a875-71ea-4849-8942-a9dc2728836d	chr6	14074128	16315075	8	4	4
20b9a875-71ea-4849-8942-a9dc2728836d	chr6	16315407	49684196	5	3	2
20b9a875-71ea-4849-8942-a9dc2728836d	chr6	49684411	53596331	7	5	2
20b9a875-71ea-4849-8942-a9dc2728836d	chr6	53599559	63431195	5	3	2
20b9a875-71ea-4849-8942-a9dc2728836d	chr6	63433146	68201654	7	5	2
20b9a875-71ea-4849-8942-a9dc2728836d	chr6	68203783	71641867	6	4	2
20b9a875-71ea-4849-8942-a9dc2728836d	chr6	71651460	76726815	5	3	2
20b9a875-71ea-4849-8942-a9dc2728836d	chr6	76730151	76743087	0	0	0
20b9a875-71ea-4849-8942-a9dc2728836d	chr6	76751356	76751356	9	9	0
20b9a875-71ea-4849-8942-a9dc2728836d	chr6	76758214	91301490	7	5	2
20b9a875-71ea-4849-8942-a9dc2728836d	chr6	91301813	94897041	5	3	2
20b9a875-71ea-4849-8942-a9dc2728836d	chr6	94897549	120599200	2	2	0
20b9a875-71ea-4849-8942-a9dc2728836d	chr6	120599419	122864711	6	3	3
20b9a875-71ea-4849-8942-a9dc2728836d	chr6	122868047	124739231	7	4	3
20b9a875-71ea-4849-8942-a9dc2728836d	chr6	124739570	125213689	9	5	4
20b9a875-71ea-4849-8942-a9dc2728836d	chr6	125215896	152195980	6	3	3
20b9a875-71ea-4849-8942-a9dc2728836d	chr6	152197366	156922636	5	3	2
20b9a875-71ea-4849-8942-a9dc2728836d	chr6	156926062	170741917	4	3	1
20b9a875-71ea-4849-8942-a9dc2728836d	chr7	43259	7018199	4	2	2
20b9a875-71ea-4849-8942-a9dc2728836d	chr7	7018691	13662244	3	2	1
20b9a875-71ea-4849-8942-a9dc2728836d	chr7	13662456	13686469	7	4	3
20b9a875-71ea-4849-8942-a9dc2728836d	chr7	13686786	20751567	3	2	1
20b9a875-71ea-4849-8942-a9dc2728836d	chr7	20752178	51430502	5	3	2
20b9a875-71ea-4849-8942-a9dc2728836d	chr7	51431240	55996569	2	1	1
20b9a875-71ea-4849-8942-a9dc2728836d	chr7	55998330	57111465	4	3	1
20b9a875-71ea-4849-8942-a9dc2728836d	chr7	57117180	68556494	5	3	2
20b9a875-71ea-4849-8942-a9dc2728836d	chr7	68556740	68570658	2	1	1
20b9a875-71ea-4849-8942-a9dc2728836d	chr7	68571468	82471040	4	2	2
20b9a875-71ea-4849-8942-a9dc2728836d	chr7	82471102	84153523	5	3	2
20b9a875-71ea-4849-8942-a9dc2728836d	chr7	84154817	87980930	7	5	2
20b9a875-71ea-4849-8942-a9dc2728836d	chr7	87981800	94712795	5	3	2
20b9a875-71ea-4849-8942-a9dc2728836d	chr7	94714355	102838083	7	5	2
20b9a875-71ea-4849-8942-a9dc2728836d	chr7	102839770	104524452	6	4	2
20b9a875-71ea-4849-8942-a9dc2728836d	chr7	104529544	107756314	5	4	1
20b9a875-71ea-4849-8942-a9dc2728836d	chr7	107769157	116259087	8	4	4
20b9a875-71ea-4849-8942-a9dc2728836d	chr7	116259281	116278530	4	2	2
20b9a875-71ea-4849-8942-a9dc2728836d	chr7	116278553	146889463	8	4	4
20b9a875-71ea-4849-8942-a9dc2728836d	chr7	146889471	146993197	5	3	2
20b9a875-71ea-4849-8942-a9dc2728836d	chr7	146993645	148056469	6	4	2
20b9a875-71ea-4849-8942-a9dc2728836d	chr7	148056792	149430356	7	4	3
20b9a875-71ea-4849-8942-a9dc2728836d	chr7	149434076	159334314	5	4	1
20b9a875-71ea-4849-8942-a9dc2728836d	chr8	81254	21566919	1	1	0
20b9a875-71ea-4849-8942-a9dc2728836d	chr8	21570245	28262848	2	2	0
20b9a875-71ea-4849-8942-a9dc2728836d	chr8	28263495	28728166	3	3	0
20b9a875-71ea-4849-8942-a9dc2728836d	chr8	28728519	33497771	2	2	0
20b9a875-71ea-4849-8942-a9dc2728836d	chr8	33498368	33552572	2	1	1
20b9a875-71ea-4849-8942-a9dc2728836d	chr8	33554039	46010698	7	4	3
20b9a875-71ea-4849-8942-a9dc2728836d	chr8	46012500	46876115	9	5	4
20b9a875-71ea-4849-8942-a9dc2728836d	chr8	46876498	47743000	6	4	2
20b9a875-71ea-4849-8942-a9dc2728836d	chr8	47744217	49332656	5	4	1
20b9a875-71ea-4849-8942-a9dc2728836d	chr8	49333274	50969241	6	4	2
20b9a875-71ea-4849-8942-a9dc2728836d	chr8	50969307	105040421	5	4	1
20b9a875-71ea-4849-8942-a9dc2728836d	chr8	105041228	114300081	8	7	1
20b9a875-71ea-4849-8942-a9dc2728836d	chr8	114300440	129982821	10	9	1
20b9a875-71ea-4849-8942-a9dc2728836d	chr8	129984446	137085418	11	10	1
20b9a875-71ea-4849-8942-a9dc2728836d	chr8	137085642	140247507	9	8	1
20b9a875-71ea-4849-8942-a9dc2728836d	chr8	140250868	142818117	6	5	1
20b9a875-71ea-4849-8942-a9dc2728836d	chr8	142818601	145072769	7	6	1
20b9a875-71ea-4849-8942-a9dc2728836d	chr9	46587	7911127	4	2	2
20b9a875-71ea-4849-8942-a9dc2728836d	chr9	7911752	10185328	3	2	1
20b9a875-71ea-4849-8942-a9dc2728836d	chr9	10185596	24880690	2	1	1
20b9a875-71ea-4849-8942-a9dc2728836d	chr9	24881107	28486254	6	4	2
20b9a875-71ea-4849-8942-a9dc2728836d	chr9	28491681	30014769	7	5	2
20b9a875-71ea-4849-8942-a9dc2728836d	chr9	30015538	41741113	6	4	2
20b9a875-71ea-4849-8942-a9dc2728836d	chr9	60863881	68691499	7	6	1
20b9a875-71ea-4849-8942-a9dc2728836d	chr9	68691915	113998162	3	2	1
20b9a875-71ea-4849-8942-a9dc2728836d	chr9	113998558	114930934	4	2	2
20b9a875-71ea-4849-8942-a9dc2728836d	chr9	114932242	127787350	3	2	1
20b9a875-71ea-4849-8942-a9dc2728836d	chr9	127788208	138200944	4	2	2
20b9a875-71ea-4849-8942-a9dc2728836d	chr10	45792	1078591	5	5	0
20b9a875-71ea-4849-8942-a9dc2728836d	chr10	1079828	1540082	7	4	3
20b9a875-71ea-4849-8942-a9dc2728836d	chr10	1543964	3052388	10	7	3
20b9a875-71ea-4849-8942-a9dc2728836d	chr10	3052854	14254578	11	8	3
20b9a875-71ea-4849-8942-a9dc2728836d	chr10	14254717	20149188	8	4	4
20b9a875-71ea-4849-8942-a9dc2728836d	chr10	20151468	36767427	7	4	3
20b9a875-71ea-4849-8942-a9dc2728836d	chr10	36770603	42530012	6	3	3
20b9a875-71ea-4849-8942-a9dc2728836d	chr10	42533656	49358018	4	3	1
20b9a875-71ea-4849-8942-a9dc2728836d	chr10	49359445	53049107	5	4	1
20b9a875-71ea-4849-8942-a9dc2728836d	chr10	53050298	54683796	6	4	2
20b9a875-71ea-4849-8942-a9dc2728836d	chr10	54684067	74387370	5	4	1
20b9a875-71ea-4849-8942-a9dc2728836d	chr10	74387878	81653577	8	7	1
20b9a875-71ea-4849-8942-a9dc2728836d	chr10	81654185	87553250	4	3	1
20b9a875-71ea-4849-8942-a9dc2728836d	chr10	87553942	97400112	3	2	1
20b9a875-71ea-4849-8942-a9dc2728836d	chr10	97400206	129096134	4	3	1
20b9a875-71ea-4849-8942-a9dc2728836d	chr10	129097467	133654968	5	4	1
20b9a875-71ea-4849-8942-a9dc2728836d	chr11	198510	3917968	2	2	0
20b9a875-71ea-4849-8942-a9dc2728836d	chr11	3919508	9440446	5	3	2
20b9a875-71ea-4849-8942-a9dc2728836d	chr11	9440987	12790184	4	2	2
20b9a875-71ea-4849-8942-a9dc2728836d	chr11	12790247	62149604	5	3	2
20b9a875-71ea-4849-8942-a9dc2728836d	chr11	62150041	65321027	6	3	3
20b9a875-71ea-4849-8942-a9dc2728836d	chr11	65322279	76225898	7	4	3
20b9a875-71ea-4849-8942-a9dc2728836d	chr11	76226814	79142833	6	5	1
20b9a875-71ea-4849-8942-a9dc2728836d	chr11	79144995	82084921	6	3	3
20b9a875-71ea-4849-8942-a9dc2728836d	chr11	82086789	86486274	5	3	2
20b9a875-71ea-4849-8942-a9dc2728836d	chr11	86486964	86502137	9	6	3
20b9a875-71ea-4849-8942-a9dc2728836d	chr11	86502206	93251735	5	3	2
20b9a875-71ea-4849-8942-a9dc2728836d	chr11	93252506	97761868	4	2	2
20b9a875-71ea-4849-8942-a9dc2728836d	chr11	97761969	101626093	3	2	1
20b9a875-71ea-4849-8942-a9dc2728836d	chr11	101626406	109999357	4	2	2
20b9a875-71ea-4849-8942-a9dc2728836d	chr11	109999548	112728997	5	3	2
20b9a875-71ea-4849-8942-a9dc2728836d	chr11	112729702	114296896	6	3	3
20b9a875-71ea-4849-8942-a9dc2728836d	chr11	114297217	124378499	4	2	2
20b9a875-71ea-4849-8942-a9dc2728836d	chr11	124378593	127599807	3	2	1
20b9a875-71ea-4849-8942-a9dc2728836d	chr11	127600248	135074876	2	2	0
20b9a875-71ea-4849-8942-a9dc2728836d	chr12	51460	2116027	6	3	3
20b9a875-71ea-4849-8942-a9dc2728836d	chr12	2116879	3237433	7	4	3
20b9a875-71ea-4849-8942-a9dc2728836d	chr12	3238106	19640928	5	3	2
20b9a875-71ea-4849-8942-a9dc2728836d	chr12	19641279	24613769	7	4	3
20b9a875-71ea-4849-8942-a9dc2728836d	chr12	24615467	28086222	6	3	3
20b9a875-71ea-4849-8942-a9dc2728836d	chr12	28087893	29213098	8	4	4
20b9a875-71ea-4849-8942-a9dc2728836d	chr12	29224656	29302807	3	3	0
20b9a875-71ea-4849-8942-a9dc2728836d	chr12	29303157	29509583	8	4	4
20b9a875-71ea-4849-8942-a9dc2728836d	chr12	29510879	30147576	3	3	0
20b9a875-71ea-4849-8942-a9dc2728836d	chr12	30151034	30162316	7	7	0
20b9a875-71ea-4849-8942-a9dc2728836d	chr12	30162410	30973511	3	3	0
20b9a875-71ea-4849-8942-a9dc2728836d	chr12	30973745	31241179	10	5	5
20b9a875-71ea-4849-8942-a9dc2728836d	chr12	31241490	33719592	8	4	4
20b9a875-71ea-4849-8942-a9dc2728836d	chr12	33722044	34302636	3	3	0
20b9a875-71ea-4849-8942-a9dc2728836d	chr12	34304273	34406374	11	9	2
20b9a875-71ea-4849-8942-a9dc2728836d	chr12	34423775	45439357	3	3	0
20b9a875-71ea-4849-8942-a9dc2728836d	chr12	45441048	56466532	4	4	0
20b9a875-71ea-4849-8942-a9dc2728836d	chr12	56467308	133201603	3	3	0
20b9a875-71ea-4849-8942-a9dc2728836d	chr13	18452809	20280022	4	4	0
20b9a875-71ea-4849-8942-a9dc2728836d	chr13	20281289	66476856	3	3	0
20b9a875-71ea-4849-8942-a9dc2728836d	chr13	66477900	93398673	4	4	0
20b9a875-71ea-4849-8942-a9dc2728836d	chr13	93398861	93428054	2	2	0
20b9a875-71ea-4849-8942-a9dc2728836d	chr13	93428895	110516137	4	4	0
20b9a875-71ea-4849-8942-a9dc2728836d	chr13	110516141	114342922	5	5	0
20b9a875-71ea-4849-8942-a9dc2728836d	chr14	18239283	20052039	10	7	3
20b9a875-71ea-4849-8942-a9dc2728836d	chr14	20052227	21223956	5	4	1
20b9a875-71ea-4849-8942-a9dc2728836d	chr14	21224525	22134592	4	3	1
20b9a875-71ea-4849-8942-a9dc2728836d	chr14	22137197	22144334	1	1	0
20b9a875-71ea-4849-8942-a9dc2728836d	chr14	22145507	34452646	4	3	1
20b9a875-71ea-4849-8942-a9dc2728836d	chr14	34452694	47049277	3	3	0
20b9a875-71ea-4849-8942-a9dc2728836d	chr14	47051036	72055096	2	2	0
20b9a875-71ea-4849-8942-a9dc2728836d	chr14	72055825	92611213	3	3	0
20b9a875-71ea-4849-8942-a9dc2728836d	chr14	92612361	100321227	4	3	1
20b9a875-71ea-4849-8942-a9dc2728836d	chr14	100322640	103248706	7	4	3
20b9a875-71ea-4849-8942-a9dc2728836d	chr14	103249076	106877229	5	3	2
20b9a875-71ea-4849-8942-a9dc2728836d	chr15	19811075	20249006	5	4	1
20b9a875-71ea-4849-8942-a9dc2728836d	chr15	20263311	20345433	5	5	0
20b9a875-71ea-4849-8942-a9dc2728836d	chr15	20359322	26933328	2	2	0
20b9a875-71ea-4849-8942-a9dc2728836d	chr15	26933639	51260162	3	3	0
20b9a875-71ea-4849-8942-a9dc2728836d	chr15	51261712	78520218	5	5	0
20b9a875-71ea-4849-8942-a9dc2728836d	chr15	78521704	96828834	8	8	0
20b9a875-71ea-4849-8942-a9dc2728836d	chr15	96830222	101928837	7	7	0
20b9a875-71ea-4849-8942-a9dc2728836d	chr16	10777	2774929	5	4	1
20b9a875-71ea-4849-8942-a9dc2728836d	chr16	2774983	6788906	3	3	0
20b9a875-71ea-4849-8942-a9dc2728836d	chr16	6788955	15639876	4	4	0
20b9a875-71ea-4849-8942-a9dc2728836d	chr16	15640268	17373937	5	5	0
20b9a875-71ea-4849-8942-a9dc2728836d	chr16	17375637	20189405	3	3	0
20b9a875-71ea-4849-8942-a9dc2728836d	chr16	20192418	21161445	2	2	0
20b9a875-71ea-4849-8942-a9dc2728836d	chr16	21161816	50644763	3	3	0
20b9a875-71ea-4849-8942-a9dc2728836d	chr16	50645452	72225992	2	2	0
20b9a875-71ea-4849-8942-a9dc2728836d	chr16	72226147	75949808	3	2	1
20b9a875-71ea-4849-8942-a9dc2728836d	chr16	75951163	84800330	2	1	1
20b9a875-71ea-4849-8942-a9dc2728836d	chr16	84800743	90096867	3	2	1
20b9a875-71ea-4849-8942-a9dc2728836d	chr17	150733	33282797	2	2	0
20b9a875-71ea-4849-8942-a9dc2728836d	chr17	33283244	33352174	3	3	0
20b9a875-71ea-4849-8942-a9dc2728836d	chr17	33353870	38254727	2	2	0
20b9a875-71ea-4849-8942-a9dc2728836d	chr17	38262539	40604746	3	3	0
20b9a875-71ea-4849-8942-a9dc2728836d	chr17	40607624	41215736	2	2	0
20b9a875-71ea-4849-8942-a9dc2728836d	chr17	41216501	50951829	3	3	0
20b9a875-71ea-4849-8942-a9dc2728836d	chr17	50953235	54220329	2	2	0
20b9a875-71ea-4849-8942-a9dc2728836d	chr17	54220515	72139914	3	3	0
20b9a875-71ea-4849-8942-a9dc2728836d	chr17	72143252	78949566	4	4	0
20b9a875-71ea-4849-8942-a9dc2728836d	chr17	78949634	79370707	5	4	1
20b9a875-71ea-4849-8942-a9dc2728836d	chr17	79372071	83091923	6	6	0
20b9a875-71ea-4849-8942-a9dc2728836d	chr18	48133	4062485	7	4	3
20b9a875-71ea-4849-8942-a9dc2728836d	chr18	4066620	25105326	6	3	3
20b9a875-71ea-4849-8942-a9dc2728836d	chr18	25107133	29666798	5	3	2
20b9a875-71ea-4849-8942-a9dc2728836d	chr18	29671678	30530607	4	3	1
20b9a875-71ea-4849-8942-a9dc2728836d	chr18	30531342	32477232	5	3	2
20b9a875-71ea-4849-8942-a9dc2728836d	chr18	32478486	36480755	4	3	1
20b9a875-71ea-4849-8942-a9dc2728836d	chr18	36484495	40434883	6	3	3
20b9a875-71ea-4849-8942-a9dc2728836d	chr18	40435211	59107155	4	3	1
20b9a875-71ea-4849-8942-a9dc2728836d	chr18	59108428	59986495	3	2	1
20b9a875-71ea-4849-8942-a9dc2728836d	chr18	59986811	80257174	2	1	1
20b9a875-71ea-4849-8942-a9dc2728836d	chr19	90910	6645684	4	3	1
20b9a875-71ea-4849-8942-a9dc2728836d	chr19	6645748	9408777	3	3	0
20b9a875-71ea-4849-8942-a9dc2728836d	chr19	9412048	17271773	4	2	2
20b9a875-71ea-4849-8942-a9dc2728836d	chr19	17275900	20870974	7	4	3
20b9a875-71ea-4849-8942-a9dc2728836d	chr19	20875552	27917268	12	9	3
20b9a875-71ea-4849-8942-a9dc2728836d	chr19	27917332	30852670	10	7	3
20b9a875-71ea-4849-8942-a9dc2728836d	chr19	30852686	37780330	8	6	2
20b9a875-71ea-4849-8942-a9dc2728836d	chr19	37780810	58586487	7	6	1
20b9a875-71ea-4849-8942-a9dc2728836d	chr20	80664	8838465	8	4	4
20b9a875-71ea-4849-8942-a9dc2728836d	chr20	8838791	14918596	9	5	4
20b9a875-71ea-4849-8942-a9dc2728836d	chr20	14918775	15306895	7	4	3
20b9a875-71ea-4849-8942-a9dc2728836d	chr20	15309055	21208877	10	5	5
20b9a875-71ea-4849-8942-a9dc2728836d	chr20	21210408	23771916	9	5	4
20b9a875-71ea-4849-8942-a9dc2728836d	chr20	23772886	32651639	10	5	5
20b9a875-71ea-4849-8942-a9dc2728836d	chr20	32653587	37458793	6	3	3
20b9a875-71ea-4849-8942-a9dc2728836d	chr20	37458832	42556498	5	4	1
20b9a875-71ea-4849-8942-a9dc2728836d	chr20	42558819	52923611	6	5	1
20b9a875-71ea-4849-8942-a9dc2728836d	chr20	52924379	57106072	5	4	1
20b9a875-71ea-4849-8942-a9dc2728836d	chr20	57106087	62091822	7	6	1
20b9a875-71ea-4849-8942-a9dc2728836d	chr20	62093308	64324800	10	7	3
20b9a875-71ea-4849-8942-a9dc2728836d	chr21	12973348	16286347	9	5	4
20b9a875-71ea-4849-8942-a9dc2728836d	chr21	16286752	16960273	5	4	1
20b9a875-71ea-4849-8942-a9dc2728836d	chr21	16960898	20496723	7	4	3
20b9a875-71ea-4849-8942-a9dc2728836d	chr21	20496763	45763982	5	3	2
20b9a875-71ea-4849-8942-a9dc2728836d	chr21	45764450	45920391	9	6	3
20b9a875-71ea-4849-8942-a9dc2728836d	chr21	45921314	46677045	7	4	3
20b9a875-71ea-4849-8942-a9dc2728836d	chr22	16392123	22372600	3	3	0
20b9a875-71ea-4849-8942-a9dc2728836d	chr22	22373152	26233322	5	5	0
20b9a875-71ea-4849-8942-a9dc2728836d	chr22	26233712	32272430	3	3	0
20b9a875-71ea-4849-8942-a9dc2728836d	chr22	32272540	50796027	2	2	0
20b9a875-71ea-4849-8942-a9dc2728836d	chrX	251810	5697843	4	3	1
20b9a875-71ea-4849-8942-a9dc2728836d	chrX	5698528	5760252	3	2	1
20b9a875-71ea-4849-8942-a9dc2728836d	chrX	5761928	16170445	5	3	2
20b9a875-71ea-4849-8942-a9dc2728836d	chrX	16175942	16203250	2	1	1
20b9a875-71ea-4849-8942-a9dc2728836d	chrX	16203601	21960872	5	3	2
20b9a875-71ea-4849-8942-a9dc2728836d	chrX	21962377	23462668	4	2	2
20b9a875-71ea-4849-8942-a9dc2728836d	chrX	23463001	23483233	1	1	0
20b9a875-71ea-4849-8942-a9dc2728836d	chrX	23483379	30278973	4	2	2
20b9a875-71ea-4849-8942-a9dc2728836d	chrX	30279042	30284977	1	1	0
20b9a875-71ea-4849-8942-a9dc2728836d	chrX	30285302	35085162	4	2	2
20b9a875-71ea-4849-8942-a9dc2728836d	chrX	35085960	36431461	3	2	1
20b9a875-71ea-4849-8942-a9dc2728836d	chrX	36436419	50615261	4	3	1
20b9a875-71ea-4849-8942-a9dc2728836d	chrX	50615380	62990877	5	3	2
20b9a875-71ea-4849-8942-a9dc2728836d	chrX	62991498	70757452	9	7	2
20b9a875-71ea-4849-8942-a9dc2728836d	chrX	70760997	70937886	13	12	1
20b9a875-71ea-4849-8942-a9dc2728836d	chrX	70946621	74260737	6	4	2
20b9a875-71ea-4849-8942-a9dc2728836d	chrX	74261258	89037381	2	2	0
20b9a875-71ea-4849-8942-a9dc2728836d	chrX	89039527	89406975	4	2	2
20b9a875-71ea-4849-8942-a9dc2728836d	chrX	89411949	97819772	6	3	3
20b9a875-71ea-4849-8942-a9dc2728836d	chrX	97825346	107440254	4	2	2
20b9a875-71ea-4849-8942-a9dc2728836d	chrX	107443972	114083462	2	2	0
20b9a875-71ea-4849-8942-a9dc2728836d	chrX	114086373	119062926	3	3	0
20b9a875-71ea-4849-8942-a9dc2728836d	chrX	119064617	123509035	4	3	1
20b9a875-71ea-4849-8942-a9dc2728836d	chrX	123509459	124573888	5	4	1
20b9a875-71ea-4849-8942-a9dc2728836d	chrX	124575218	124577193	1	1	0
20b9a875-71ea-4849-8942-a9dc2728836d	chrX	124577895	128955572	4	3	1
20b9a875-71ea-4849-8942-a9dc2728836d	chrX	128955628	156004181	6	3	3
20b9a875-71ea-4849-8942-a9dc2728836d	chrY	2782397	26653788	0	0	0
20b9a875-71ea-4849-8942-a9dc2728836d	chrY	56872112	56872112	20	20	0
