GDC_Aliquot	Chromosome	Start	End	Copy_Number	Major_Copy_Number	Minor_Copy_Number
e52a7802-fd03-4d83-b0ec-b06cd7a1aedc	chr1	62920	27072293	3	2	1
e52a7802-fd03-4d83-b0ec-b06cd7a1aedc	chr1	27074227	37323810	4	2	2
e52a7802-fd03-4d83-b0ec-b06cd7a1aedc	chr1	37325897	37603221	5	3	2
e52a7802-fd03-4d83-b0ec-b06cd7a1aedc	chr1	37605131	75236378	4	2	2
e52a7802-fd03-4d83-b0ec-b06cd7a1aedc	chr1	75236444	75249898	3	2	1
e52a7802-fd03-4d83-b0ec-b06cd7a1aedc	chr1	75251240	108723565	4	2	2
e52a7802-fd03-4d83-b0ec-b06cd7a1aedc	chr1	108723901	110319305	5	3	2
e52a7802-fd03-4d83-b0ec-b06cd7a1aedc	chr1	110319446	121705338	4	2	2
e52a7802-fd03-4d83-b0ec-b06cd7a1aedc	chr1	143541857	153090291	6	4	2
e52a7802-fd03-4d83-b0ec-b06cd7a1aedc	chr1	153091014	154583969	7	5	2
e52a7802-fd03-4d83-b0ec-b06cd7a1aedc	chr1	154587122	183013743	6	4	2
e52a7802-fd03-4d83-b0ec-b06cd7a1aedc	chr1	183015389	183056420	9	6	3
e52a7802-fd03-4d83-b0ec-b06cd7a1aedc	chr1	183059835	205785918	6	4	2
e52a7802-fd03-4d83-b0ec-b06cd7a1aedc	chr1	205787356	205926002	7	4	3
e52a7802-fd03-4d83-b0ec-b06cd7a1aedc	chr1	205926774	211424651	6	4	2
e52a7802-fd03-4d83-b0ec-b06cd7a1aedc	chr1	211427236	211658038	3	2	1
e52a7802-fd03-4d83-b0ec-b06cd7a1aedc	chr1	211659623	248930189	6	4	2
e52a7802-fd03-4d83-b0ec-b06cd7a1aedc	chr2	12784	4143308	3	3	0
e52a7802-fd03-4d83-b0ec-b06cd7a1aedc	chr2	4143453	4195147	1	1	0
e52a7802-fd03-4d83-b0ec-b06cd7a1aedc	chr2	4195161	34371780	3	3	0
e52a7802-fd03-4d83-b0ec-b06cd7a1aedc	chr2	34376860	34525724	1	1	0
e52a7802-fd03-4d83-b0ec-b06cd7a1aedc	chr2	34525809	71059037	3	3	0
e52a7802-fd03-4d83-b0ec-b06cd7a1aedc	chr2	71061657	74536049	5	5	0
e52a7802-fd03-4d83-b0ec-b06cd7a1aedc	chr2	74536131	74804196	11	11	0
e52a7802-fd03-4d83-b0ec-b06cd7a1aedc	chr2	74806804	74936423	8	8	0
e52a7802-fd03-4d83-b0ec-b06cd7a1aedc	chr2	74937680	88816370	4	4	0
e52a7802-fd03-4d83-b0ec-b06cd7a1aedc	chr2	88816847	90003752	9	9	0
e52a7802-fd03-4d83-b0ec-b06cd7a1aedc	chr2	90004062	140555782	4	4	0
e52a7802-fd03-4d83-b0ec-b06cd7a1aedc	chr2	140555798	141438442	5	5	0
e52a7802-fd03-4d83-b0ec-b06cd7a1aedc	chr2	141438986	146104517	4	4	0
e52a7802-fd03-4d83-b0ec-b06cd7a1aedc	chr2	146106836	146109366	0	0	0
e52a7802-fd03-4d83-b0ec-b06cd7a1aedc	chr2	146120238	242147305	4	4	0
e52a7802-fd03-4d83-b0ec-b06cd7a1aedc	chr3	20930	17046825	3	2	1
e52a7802-fd03-4d83-b0ec-b06cd7a1aedc	chr3	17050960	20749647	4	3	1
e52a7802-fd03-4d83-b0ec-b06cd7a1aedc	chr3	20754789	20842958	5	3	2
e52a7802-fd03-4d83-b0ec-b06cd7a1aedc	chr3	20848498	38305043	4	3	1
e52a7802-fd03-4d83-b0ec-b06cd7a1aedc	chr3	38305288	38309139	6	5	1
e52a7802-fd03-4d83-b0ec-b06cd7a1aedc	chr3	38310645	64568981	4	3	1
e52a7802-fd03-4d83-b0ec-b06cd7a1aedc	chr3	64572444	64600984	7	5	2
e52a7802-fd03-4d83-b0ec-b06cd7a1aedc	chr3	64604904	107853673	4	3	1
e52a7802-fd03-4d83-b0ec-b06cd7a1aedc	chr3	107856227	109169659	7	4	3
e52a7802-fd03-4d83-b0ec-b06cd7a1aedc	chr3	109170318	114951545	5	3	2
e52a7802-fd03-4d83-b0ec-b06cd7a1aedc	chr3	114951558	115879549	4	3	1
e52a7802-fd03-4d83-b0ec-b06cd7a1aedc	chr3	115886297	116366973	3	3	0
e52a7802-fd03-4d83-b0ec-b06cd7a1aedc	chr3	116377363	116643304	4	3	1
e52a7802-fd03-4d83-b0ec-b06cd7a1aedc	chr3	116643999	116976706	3	2	1
e52a7802-fd03-4d83-b0ec-b06cd7a1aedc	chr3	116977151	118276928	4	3	1
e52a7802-fd03-4d83-b0ec-b06cd7a1aedc	chr3	118277583	122504335	5	3	2
e52a7802-fd03-4d83-b0ec-b06cd7a1aedc	chr3	122509157	166205809	6	4	2
e52a7802-fd03-4d83-b0ec-b06cd7a1aedc	chr3	166207383	179264846	8	4	4
e52a7802-fd03-4d83-b0ec-b06cd7a1aedc	chr3	179264932	198169247	7	4	3
e52a7802-fd03-4d83-b0ec-b06cd7a1aedc	chr4	68929	3720680	2	1	1
e52a7802-fd03-4d83-b0ec-b06cd7a1aedc	chr4	3720832	4193673	3	2	1
e52a7802-fd03-4d83-b0ec-b06cd7a1aedc	chr4	4194719	46507324	2	1	1
e52a7802-fd03-4d83-b0ec-b06cd7a1aedc	chr4	46507507	52175448	3	2	1
e52a7802-fd03-4d83-b0ec-b06cd7a1aedc	chr4	52175904	69428887	4	3	1
e52a7802-fd03-4d83-b0ec-b06cd7a1aedc	chr4	69432047	70421935	18	17	1
e52a7802-fd03-4d83-b0ec-b06cd7a1aedc	chr4	70424574	71053696	11	10	1
e52a7802-fd03-4d83-b0ec-b06cd7a1aedc	chr4	71062442	71732866	15	14	1
e52a7802-fd03-4d83-b0ec-b06cd7a1aedc	chr4	71735715	77880920	6	5	1
e52a7802-fd03-4d83-b0ec-b06cd7a1aedc	chr4	77883083	89763966	2	1	1
e52a7802-fd03-4d83-b0ec-b06cd7a1aedc	chr4	89768157	89871079	3	2	1
e52a7802-fd03-4d83-b0ec-b06cd7a1aedc	chr4	89871798	134910764	2	1	1
e52a7802-fd03-4d83-b0ec-b06cd7a1aedc	chr4	134913483	190106768	3	2	1
e52a7802-fd03-4d83-b0ec-b06cd7a1aedc	chr5	15532	9982854	3	2	1
e52a7802-fd03-4d83-b0ec-b06cd7a1aedc	chr5	9982952	9997519	2	1	1
e52a7802-fd03-4d83-b0ec-b06cd7a1aedc	chr5	9997673	62704181	3	2	1
e52a7802-fd03-4d83-b0ec-b06cd7a1aedc	chr5	62704339	62816001	4	3	1
e52a7802-fd03-4d83-b0ec-b06cd7a1aedc	chr5	62823522	63607178	6	5	1
e52a7802-fd03-4d83-b0ec-b06cd7a1aedc	chr5	63607408	84900294	2	1	1
e52a7802-fd03-4d83-b0ec-b06cd7a1aedc	chr5	84900737	132489434	3	2	1
e52a7802-fd03-4d83-b0ec-b06cd7a1aedc	chr5	132489656	132841058	4	2	2
e52a7802-fd03-4d83-b0ec-b06cd7a1aedc	chr5	132843037	168005016	3	2	1
e52a7802-fd03-4d83-b0ec-b06cd7a1aedc	chr5	168006814	168307222	4	2	2
e52a7802-fd03-4d83-b0ec-b06cd7a1aedc	chr5	168308402	168559770	6	3	3
e52a7802-fd03-4d83-b0ec-b06cd7a1aedc	chr5	168560174	181363319	3	2	1
e52a7802-fd03-4d83-b0ec-b06cd7a1aedc	chr6	149661	2447368	2	2	0
e52a7802-fd03-4d83-b0ec-b06cd7a1aedc	chr6	2447465	3206090	3	3	0
e52a7802-fd03-4d83-b0ec-b06cd7a1aedc	chr6	3209354	5976806	2	2	0
e52a7802-fd03-4d83-b0ec-b06cd7a1aedc	chr6	5978744	6131091	3	2	1
e52a7802-fd03-4d83-b0ec-b06cd7a1aedc	chr6	6131183	6783475	2	2	0
e52a7802-fd03-4d83-b0ec-b06cd7a1aedc	chr6	6787414	6850970	3	2	1
e52a7802-fd03-4d83-b0ec-b06cd7a1aedc	chr6	6851206	7464146	4	2	2
e52a7802-fd03-4d83-b0ec-b06cd7a1aedc	chr6	7464568	8456622	3	2	1
e52a7802-fd03-4d83-b0ec-b06cd7a1aedc	chr6	8460206	9525485	4	2	2
e52a7802-fd03-4d83-b0ec-b06cd7a1aedc	chr6	9525607	9856862	3	2	1
e52a7802-fd03-4d83-b0ec-b06cd7a1aedc	chr6	9861721	11045852	5	3	2
e52a7802-fd03-4d83-b0ec-b06cd7a1aedc	chr6	11050290	11647293	4	2	2
e52a7802-fd03-4d83-b0ec-b06cd7a1aedc	chr6	11647761	11978591	5	3	2
e52a7802-fd03-4d83-b0ec-b06cd7a1aedc	chr6	11983682	12426817	6	4	2
e52a7802-fd03-4d83-b0ec-b06cd7a1aedc	chr6	12427431	13813082	5	3	2
e52a7802-fd03-4d83-b0ec-b06cd7a1aedc	chr6	13822192	14099697	7	5	2
e52a7802-fd03-4d83-b0ec-b06cd7a1aedc	chr6	14105276	14381253	4	2	2
e52a7802-fd03-4d83-b0ec-b06cd7a1aedc	chr6	14384325	18993793	2	2	0
e52a7802-fd03-4d83-b0ec-b06cd7a1aedc	chr6	18994026	19353872	3	2	1
e52a7802-fd03-4d83-b0ec-b06cd7a1aedc	chr6	19355519	20109656	5	3	2
e52a7802-fd03-4d83-b0ec-b06cd7a1aedc	chr6	20110869	24080994	3	2	1
e52a7802-fd03-4d83-b0ec-b06cd7a1aedc	chr6	24088661	25135435	4	2	2
e52a7802-fd03-4d83-b0ec-b06cd7a1aedc	chr6	25136644	25400168	3	2	1
e52a7802-fd03-4d83-b0ec-b06cd7a1aedc	chr6	25401930	26416426	5	3	2
e52a7802-fd03-4d83-b0ec-b06cd7a1aedc	chr6	26416898	28698011	3	2	1
e52a7802-fd03-4d83-b0ec-b06cd7a1aedc	chr6	28699473	30317628	4	2	2
e52a7802-fd03-4d83-b0ec-b06cd7a1aedc	chr6	30318178	31949763	5	3	2
e52a7802-fd03-4d83-b0ec-b06cd7a1aedc	chr6	31951801	32232370	4	2	2
e52a7802-fd03-4d83-b0ec-b06cd7a1aedc	chr6	32240547	32605994	2	2	0
e52a7802-fd03-4d83-b0ec-b06cd7a1aedc	chr6	32606237	34644486	4	2	2
e52a7802-fd03-4d83-b0ec-b06cd7a1aedc	chr6	34644602	35742902	6	4	2
e52a7802-fd03-4d83-b0ec-b06cd7a1aedc	chr6	35745710	36489359	5	3	2
e52a7802-fd03-4d83-b0ec-b06cd7a1aedc	chr6	36492959	36989568	7	5	2
e52a7802-fd03-4d83-b0ec-b06cd7a1aedc	chr6	36991217	37383389	5	3	2
e52a7802-fd03-4d83-b0ec-b06cd7a1aedc	chr6	37384859	37932346	6	4	2
e52a7802-fd03-4d83-b0ec-b06cd7a1aedc	chr6	37934475	38350931	7	5	2
e52a7802-fd03-4d83-b0ec-b06cd7a1aedc	chr6	38353234	39010194	9	7	2
e52a7802-fd03-4d83-b0ec-b06cd7a1aedc	chr6	39010995	39867789	11	9	2
e52a7802-fd03-4d83-b0ec-b06cd7a1aedc	chr6	39868331	41328503	9	7	2
e52a7802-fd03-4d83-b0ec-b06cd7a1aedc	chr6	41328941	43571403	10	8	2
e52a7802-fd03-4d83-b0ec-b06cd7a1aedc	chr6	43572464	44471040	15	13	2
e52a7802-fd03-4d83-b0ec-b06cd7a1aedc	chr6	44472985	44572541	11	9	2
e52a7802-fd03-4d83-b0ec-b06cd7a1aedc	chr6	44573245	50359962	2	2	0
e52a7802-fd03-4d83-b0ec-b06cd7a1aedc	chr6	50360764	64204002	3	2	1
e52a7802-fd03-4d83-b0ec-b06cd7a1aedc	chr6	64204340	64907702	2	2	0
e52a7802-fd03-4d83-b0ec-b06cd7a1aedc	chr6	64909633	66005519	4	2	2
e52a7802-fd03-4d83-b0ec-b06cd7a1aedc	chr6	66021845	66077633	1	1	0
e52a7802-fd03-4d83-b0ec-b06cd7a1aedc	chr6	66078448	66401825	3	2	1
e52a7802-fd03-4d83-b0ec-b06cd7a1aedc	chr6	66401840	75168469	2	2	0
e52a7802-fd03-4d83-b0ec-b06cd7a1aedc	chr6	75168709	75219732	2	1	1
e52a7802-fd03-4d83-b0ec-b06cd7a1aedc	chr6	75224357	76104976	4	2	2
e52a7802-fd03-4d83-b0ec-b06cd7a1aedc	chr6	76120824	76671179	2	2	0
e52a7802-fd03-4d83-b0ec-b06cd7a1aedc	chr6	76672243	76765352	1	1	0
e52a7802-fd03-4d83-b0ec-b06cd7a1aedc	chr6	76765971	87663635	2	2	0
e52a7802-fd03-4d83-b0ec-b06cd7a1aedc	chr6	87667512	88251877	3	3	0
e52a7802-fd03-4d83-b0ec-b06cd7a1aedc	chr6	88252802	146342633	2	2	0
e52a7802-fd03-4d83-b0ec-b06cd7a1aedc	chr6	146344593	157620479	3	3	0
e52a7802-fd03-4d83-b0ec-b06cd7a1aedc	chr6	157621733	170741917	2	2	0
e52a7802-fd03-4d83-b0ec-b06cd7a1aedc	chr7	43259	6036090	5	3	2
e52a7802-fd03-4d83-b0ec-b06cd7a1aedc	chr7	6036192	7073560	6	3	3
e52a7802-fd03-4d83-b0ec-b06cd7a1aedc	chr7	7075238	32733748	5	3	2
e52a7802-fd03-4d83-b0ec-b06cd7a1aedc	chr7	32741845	33312017	6	3	3
e52a7802-fd03-4d83-b0ec-b06cd7a1aedc	chr7	33312244	39193361	5	3	2
e52a7802-fd03-4d83-b0ec-b06cd7a1aedc	chr7	39196431	39211860	8	4	4
e52a7802-fd03-4d83-b0ec-b06cd7a1aedc	chr7	39224145	46776049	5	3	2
e52a7802-fd03-4d83-b0ec-b06cd7a1aedc	chr7	46776372	46836559	7	4	3
e52a7802-fd03-4d83-b0ec-b06cd7a1aedc	chr7	46836931	112149387	5	3	2
e52a7802-fd03-4d83-b0ec-b06cd7a1aedc	chr7	112149712	113387298	6	4	2
e52a7802-fd03-4d83-b0ec-b06cd7a1aedc	chr7	113388579	128131086	5	3	2
e52a7802-fd03-4d83-b0ec-b06cd7a1aedc	chr7	128131549	128337298	7	5	2
e52a7802-fd03-4d83-b0ec-b06cd7a1aedc	chr7	128337550	145128883	5	3	2
e52a7802-fd03-4d83-b0ec-b06cd7a1aedc	chr7	145129480	145137470	3	2	1
e52a7802-fd03-4d83-b0ec-b06cd7a1aedc	chr7	145137943	159334314	5	3	2
e52a7802-fd03-4d83-b0ec-b06cd7a1aedc	chr8	81254	28373113	2	1	1
e52a7802-fd03-4d83-b0ec-b06cd7a1aedc	chr8	28384194	29042623	3	2	1
e52a7802-fd03-4d83-b0ec-b06cd7a1aedc	chr8	29044219	41620273	2	1	1
e52a7802-fd03-4d83-b0ec-b06cd7a1aedc	chr8	41622545	41809270	4	3	1
e52a7802-fd03-4d83-b0ec-b06cd7a1aedc	chr8	41809356	43931659	3	2	1
e52a7802-fd03-4d83-b0ec-b06cd7a1aedc	chr8	45951913	140684579	5	3	2
e52a7802-fd03-4d83-b0ec-b06cd7a1aedc	chr8	140686113	141636583	6	4	2
e52a7802-fd03-4d83-b0ec-b06cd7a1aedc	chr8	141636652	145072769	5	3	2
e52a7802-fd03-4d83-b0ec-b06cd7a1aedc	chr9	46587	29511506	2	2	0
e52a7802-fd03-4d83-b0ec-b06cd7a1aedc	chr9	29511848	29588406	4	2	2
e52a7802-fd03-4d83-b0ec-b06cd7a1aedc	chr9	29588740	31804635	3	2	1
e52a7802-fd03-4d83-b0ec-b06cd7a1aedc	chr9	31804768	32161383	29	27	2
e52a7802-fd03-4d83-b0ec-b06cd7a1aedc	chr9	32161577	32258152	17	15	2
e52a7802-fd03-4d83-b0ec-b06cd7a1aedc	chr9	32258326	32454290	9	7	2
e52a7802-fd03-4d83-b0ec-b06cd7a1aedc	chr9	32458055	33468684	4	2	2
e52a7802-fd03-4d83-b0ec-b06cd7a1aedc	chr9	33470361	33947956	2	2	0
e52a7802-fd03-4d83-b0ec-b06cd7a1aedc	chr9	33951021	34999196	4	2	2
e52a7802-fd03-4d83-b0ec-b06cd7a1aedc	chr9	34999428	41741113	3	2	1
e52a7802-fd03-4d83-b0ec-b06cd7a1aedc	chr9	60863881	68424128	4	3	1
e52a7802-fd03-4d83-b0ec-b06cd7a1aedc	chr9	68425024	81589417	2	2	0
e52a7802-fd03-4d83-b0ec-b06cd7a1aedc	chr9	81589485	81595214	3	3	0
e52a7802-fd03-4d83-b0ec-b06cd7a1aedc	chr9	81595233	138200944	2	2	0
e52a7802-fd03-4d83-b0ec-b06cd7a1aedc	chr10	45792	7950617	4	2	2
e52a7802-fd03-4d83-b0ec-b06cd7a1aedc	chr10	7950655	42140823	3	2	1
e52a7802-fd03-4d83-b0ec-b06cd7a1aedc	chr10	42141019	48079548	2	2	0
e52a7802-fd03-4d83-b0ec-b06cd7a1aedc	chr10	48079560	49467973	4	2	2
e52a7802-fd03-4d83-b0ec-b06cd7a1aedc	chr10	49470020	50651430	3	2	1
e52a7802-fd03-4d83-b0ec-b06cd7a1aedc	chr10	50654696	57979781	4	3	1
e52a7802-fd03-4d83-b0ec-b06cd7a1aedc	chr10	57980375	57986315	3	2	1
e52a7802-fd03-4d83-b0ec-b06cd7a1aedc	chr10	57987619	58771501	5	3	2
e52a7802-fd03-4d83-b0ec-b06cd7a1aedc	chr10	58771522	59384291	4	3	1
e52a7802-fd03-4d83-b0ec-b06cd7a1aedc	chr10	59387067	61469915	5	3	2
e52a7802-fd03-4d83-b0ec-b06cd7a1aedc	chr10	61476829	61700889	4	3	1
e52a7802-fd03-4d83-b0ec-b06cd7a1aedc	chr10	61701371	64302563	3	3	0
e52a7802-fd03-4d83-b0ec-b06cd7a1aedc	chr10	64302695	64676395	4	3	1
e52a7802-fd03-4d83-b0ec-b06cd7a1aedc	chr10	64676449	108085210	3	3	0
e52a7802-fd03-4d83-b0ec-b06cd7a1aedc	chr10	108085361	109947702	4	3	1
e52a7802-fd03-4d83-b0ec-b06cd7a1aedc	chr10	109950120	114204262	5	3	2
e52a7802-fd03-4d83-b0ec-b06cd7a1aedc	chr10	114208008	115198508	6	3	3
e52a7802-fd03-4d83-b0ec-b06cd7a1aedc	chr10	115208588	117359349	5	3	2
e52a7802-fd03-4d83-b0ec-b06cd7a1aedc	chr10	117366958	118268711	7	4	3
e52a7802-fd03-4d83-b0ec-b06cd7a1aedc	chr10	118269095	118912386	6	3	3
e52a7802-fd03-4d83-b0ec-b06cd7a1aedc	chr10	118912990	119322742	11	8	3
e52a7802-fd03-4d83-b0ec-b06cd7a1aedc	chr10	119323271	119507504	18	14	4
e52a7802-fd03-4d83-b0ec-b06cd7a1aedc	chr10	119508311	120635798	5	3	2
e52a7802-fd03-4d83-b0ec-b06cd7a1aedc	chr10	120636594	120968852	6	3	3
e52a7802-fd03-4d83-b0ec-b06cd7a1aedc	chr10	120968866	124254017	5	3	2
e52a7802-fd03-4d83-b0ec-b06cd7a1aedc	chr10	124255964	125004624	19	16	3
e52a7802-fd03-4d83-b0ec-b06cd7a1aedc	chr10	125008517	126660115	4	3	1
e52a7802-fd03-4d83-b0ec-b06cd7a1aedc	chr10	126669778	128749910	5	3	2
e52a7802-fd03-4d83-b0ec-b06cd7a1aedc	chr10	128749933	130002237	6	3	3
e52a7802-fd03-4d83-b0ec-b06cd7a1aedc	chr10	130003073	132263251	5	3	2
e52a7802-fd03-4d83-b0ec-b06cd7a1aedc	chr10	132272599	133654968	6	3	3
e52a7802-fd03-4d83-b0ec-b06cd7a1aedc	chr11	198510	1236229	3	2	1
e52a7802-fd03-4d83-b0ec-b06cd7a1aedc	chr11	1237573	2634001	5	4	1
e52a7802-fd03-4d83-b0ec-b06cd7a1aedc	chr11	2634910	5768511	4	3	1
e52a7802-fd03-4d83-b0ec-b06cd7a1aedc	chr11	5768639	5787909	0	0	0
e52a7802-fd03-4d83-b0ec-b06cd7a1aedc	chr11	5788108	79104907	4	3	1
e52a7802-fd03-4d83-b0ec-b06cd7a1aedc	chr11	79104960	79106453	3	2	1
e52a7802-fd03-4d83-b0ec-b06cd7a1aedc	chr11	79106568	121130330	4	3	1
e52a7802-fd03-4d83-b0ec-b06cd7a1aedc	chr11	121130636	121564878	5	4	1
e52a7802-fd03-4d83-b0ec-b06cd7a1aedc	chr11	121568472	129860667	4	3	1
e52a7802-fd03-4d83-b0ec-b06cd7a1aedc	chr11	129860950	131772923	5	3	2
e52a7802-fd03-4d83-b0ec-b06cd7a1aedc	chr11	131774635	135074876	4	3	1
e52a7802-fd03-4d83-b0ec-b06cd7a1aedc	chr12	51460	10443518	3	2	1
e52a7802-fd03-4d83-b0ec-b06cd7a1aedc	chr12	10446203	10596871	4	2	2
e52a7802-fd03-4d83-b0ec-b06cd7a1aedc	chr12	10596976	25604058	3	2	1
e52a7802-fd03-4d83-b0ec-b06cd7a1aedc	chr12	25604748	26215568	4	2	2
e52a7802-fd03-4d83-b0ec-b06cd7a1aedc	chr12	26218704	66809559	3	2	1
e52a7802-fd03-4d83-b0ec-b06cd7a1aedc	chr12	66812890	67060227	2	1	1
e52a7802-fd03-4d83-b0ec-b06cd7a1aedc	chr12	67064054	71422275	3	2	1
e52a7802-fd03-4d83-b0ec-b06cd7a1aedc	chr12	71423247	72697602	7	5	2
e52a7802-fd03-4d83-b0ec-b06cd7a1aedc	chr12	72697827	74002944	6	4	2
e52a7802-fd03-4d83-b0ec-b06cd7a1aedc	chr12	74013969	133201603	2	2	0
e52a7802-fd03-4d83-b0ec-b06cd7a1aedc	chr13	18452809	114342922	3	2	1
e52a7802-fd03-4d83-b0ec-b06cd7a1aedc	chr14	18239283	46490257	3	2	1
e52a7802-fd03-4d83-b0ec-b06cd7a1aedc	chr14	46491717	46687483	4	3	1
e52a7802-fd03-4d83-b0ec-b06cd7a1aedc	chr14	46687720	64293026	3	2	1
e52a7802-fd03-4d83-b0ec-b06cd7a1aedc	chr14	64293038	64842411	4	3	1
e52a7802-fd03-4d83-b0ec-b06cd7a1aedc	chr14	64843373	76083430	3	2	1
e52a7802-fd03-4d83-b0ec-b06cd7a1aedc	chr14	76085212	76103913	4	3	1
e52a7802-fd03-4d83-b0ec-b06cd7a1aedc	chr14	76104219	101929383	3	2	1
e52a7802-fd03-4d83-b0ec-b06cd7a1aedc	chr14	101929789	102658722	4	2	2
e52a7802-fd03-4d83-b0ec-b06cd7a1aedc	chr14	102658742	103164781	3	2	1
e52a7802-fd03-4d83-b0ec-b06cd7a1aedc	chr14	103165891	105784759	4	3	1
e52a7802-fd03-4d83-b0ec-b06cd7a1aedc	chr14	105784769	106365807	8	8	0
e52a7802-fd03-4d83-b0ec-b06cd7a1aedc	chr14	106369985	106877229	4	3	1
e52a7802-fd03-4d83-b0ec-b06cd7a1aedc	chr15	19811075	22003073	4	2	2
e52a7802-fd03-4d83-b0ec-b06cd7a1aedc	chr15	22005276	23400217	4	4	0
e52a7802-fd03-4d83-b0ec-b06cd7a1aedc	chr15	23409060	92668807	2	1	1
e52a7802-fd03-4d83-b0ec-b06cd7a1aedc	chr15	92670899	92932660	3	2	1
e52a7802-fd03-4d83-b0ec-b06cd7a1aedc	chr15	92934950	101928837	2	1	1
e52a7802-fd03-4d83-b0ec-b06cd7a1aedc	chr16	10777	2895812	2	1	1
e52a7802-fd03-4d83-b0ec-b06cd7a1aedc	chr16	2897013	8940969	1	1	0
e52a7802-fd03-4d83-b0ec-b06cd7a1aedc	chr16	8941527	90096867	2	1	1
e52a7802-fd03-4d83-b0ec-b06cd7a1aedc	chr17	150733	27743752	3	3	0
e52a7802-fd03-4d83-b0ec-b06cd7a1aedc	chr17	27745030	27789822	2	2	0
e52a7802-fd03-4d83-b0ec-b06cd7a1aedc	chr17	27789870	46085732	3	3	0
e52a7802-fd03-4d83-b0ec-b06cd7a1aedc	chr17	46088437	46275506	6	6	0
e52a7802-fd03-4d83-b0ec-b06cd7a1aedc	chr17	46276519	70445797	3	3	0
e52a7802-fd03-4d83-b0ec-b06cd7a1aedc	chr17	70446360	70477311	4	4	0
e52a7802-fd03-4d83-b0ec-b06cd7a1aedc	chr17	70478280	81139641	3	3	0
e52a7802-fd03-4d83-b0ec-b06cd7a1aedc	chr17	81154966	83091923	2	2	0
e52a7802-fd03-4d83-b0ec-b06cd7a1aedc	chr18	48133	15402409	5	5	0
e52a7802-fd03-4d83-b0ec-b06cd7a1aedc	chr18	20949392	35729812	4	3	1
e52a7802-fd03-4d83-b0ec-b06cd7a1aedc	chr18	35733139	36402993	5	4	1
e52a7802-fd03-4d83-b0ec-b06cd7a1aedc	chr18	36403424	45763665	4	3	1
e52a7802-fd03-4d83-b0ec-b06cd7a1aedc	chr18	45764317	46062859	5	4	1
e52a7802-fd03-4d83-b0ec-b06cd7a1aedc	chr18	46066589	66907043	4	3	1
e52a7802-fd03-4d83-b0ec-b06cd7a1aedc	chr18	66908584	67043655	3	2	1
e52a7802-fd03-4d83-b0ec-b06cd7a1aedc	chr18	67044172	69030382	4	3	1
e52a7802-fd03-4d83-b0ec-b06cd7a1aedc	chr18	69030424	69071802	5	4	1
e52a7802-fd03-4d83-b0ec-b06cd7a1aedc	chr18	69071897	72775945	4	3	1
e52a7802-fd03-4d83-b0ec-b06cd7a1aedc	chr18	72776956	72905288	5	4	1
e52a7802-fd03-4d83-b0ec-b06cd7a1aedc	chr18	72906955	80257174	4	3	1
e52a7802-fd03-4d83-b0ec-b06cd7a1aedc	chr19	90910	4106786	2	2	0
e52a7802-fd03-4d83-b0ec-b06cd7a1aedc	chr19	4113314	5407525	5	3	2
e52a7802-fd03-4d83-b0ec-b06cd7a1aedc	chr19	5408216	6454913	2	2	0
e52a7802-fd03-4d83-b0ec-b06cd7a1aedc	chr19	6466471	6957866	5	3	2
e52a7802-fd03-4d83-b0ec-b06cd7a1aedc	chr19	6958123	7169265	7	5	2
e52a7802-fd03-4d83-b0ec-b06cd7a1aedc	chr19	7170871	7350826	5	3	2
e52a7802-fd03-4d83-b0ec-b06cd7a1aedc	chr19	7359234	13789618	8	6	2
e52a7802-fd03-4d83-b0ec-b06cd7a1aedc	chr19	13790172	15852496	7	5	2
e52a7802-fd03-4d83-b0ec-b06cd7a1aedc	chr19	15852885	15952885	4	2	2
e52a7802-fd03-4d83-b0ec-b06cd7a1aedc	chr19	15955745	17422521	6	4	2
e52a7802-fd03-4d83-b0ec-b06cd7a1aedc	chr19	17423002	17691113	4	2	2
e52a7802-fd03-4d83-b0ec-b06cd7a1aedc	chr19	17691775	22263006	7	5	2
e52a7802-fd03-4d83-b0ec-b06cd7a1aedc	chr19	22263657	23382593	6	3	3
e52a7802-fd03-4d83-b0ec-b06cd7a1aedc	chr19	23383265	23929975	3	2	1
e52a7802-fd03-4d83-b0ec-b06cd7a1aedc	chr19	23930134	27281117	8	5	3
e52a7802-fd03-4d83-b0ec-b06cd7a1aedc	chr19	27286478	28196107	6	3	3
e52a7802-fd03-4d83-b0ec-b06cd7a1aedc	chr19	28197126	28384264	3	2	1
e52a7802-fd03-4d83-b0ec-b06cd7a1aedc	chr19	28386236	29767754	6	4	2
e52a7802-fd03-4d83-b0ec-b06cd7a1aedc	chr19	29767787	30133893	9	7	2
e52a7802-fd03-4d83-b0ec-b06cd7a1aedc	chr19	30138513	30842878	6	4	2
e52a7802-fd03-4d83-b0ec-b06cd7a1aedc	chr19	30843114	39395556	7	6	1
e52a7802-fd03-4d83-b0ec-b06cd7a1aedc	chr19	39395578	39440248	8	6	2
e52a7802-fd03-4d83-b0ec-b06cd7a1aedc	chr19	39440391	40004924	4	3	1
e52a7802-fd03-4d83-b0ec-b06cd7a1aedc	chr19	40008647	43803409	7	6	1
e52a7802-fd03-4d83-b0ec-b06cd7a1aedc	chr19	43807066	49768062	6	6	0
e52a7802-fd03-4d83-b0ec-b06cd7a1aedc	chr19	49768245	50453263	5	5	0
e52a7802-fd03-4d83-b0ec-b06cd7a1aedc	chr19	50457848	55577530	6	6	0
e52a7802-fd03-4d83-b0ec-b06cd7a1aedc	chr19	55580071	58586487	5	5	0
e52a7802-fd03-4d83-b0ec-b06cd7a1aedc	chr20	80664	810565	5	3	2
e52a7802-fd03-4d83-b0ec-b06cd7a1aedc	chr20	810659	1299421	4	2	2
e52a7802-fd03-4d83-b0ec-b06cd7a1aedc	chr20	1300281	10050974	3	2	1
e52a7802-fd03-4d83-b0ec-b06cd7a1aedc	chr20	10051446	10078424	4	2	2
e52a7802-fd03-4d83-b0ec-b06cd7a1aedc	chr20	10078522	12973825	3	2	1
e52a7802-fd03-4d83-b0ec-b06cd7a1aedc	chr20	12985227	26324943	2	1	1
e52a7802-fd03-4d83-b0ec-b06cd7a1aedc	chr20	30185676	64260467	7	6	1
e52a7802-fd03-4d83-b0ec-b06cd7a1aedc	chr20	64261403	64324800	4	3	1
e52a7802-fd03-4d83-b0ec-b06cd7a1aedc	chr21	12973348	14716931	6	3	3
e52a7802-fd03-4d83-b0ec-b06cd7a1aedc	chr21	14718865	14722876	3	2	1
e52a7802-fd03-4d83-b0ec-b06cd7a1aedc	chr21	14723024	17673757	6	3	3
e52a7802-fd03-4d83-b0ec-b06cd7a1aedc	chr21	17674361	46677045	5	3	2
e52a7802-fd03-4d83-b0ec-b06cd7a1aedc	chr22	16392123	17824868	3	2	1
e52a7802-fd03-4d83-b0ec-b06cd7a1aedc	chr22	17826053	17833567	6	4	2
e52a7802-fd03-4d83-b0ec-b06cd7a1aedc	chr22	17833760	50796027	3	2	1
e52a7802-fd03-4d83-b0ec-b06cd7a1aedc	chrX	251810	18286089	2	2	0
e52a7802-fd03-4d83-b0ec-b06cd7a1aedc	chrX	18286582	18731722	4	4	0
e52a7802-fd03-4d83-b0ec-b06cd7a1aedc	chrX	18732795	39863476	2	2	0
e52a7802-fd03-4d83-b0ec-b06cd7a1aedc	chrX	39863671	47086536	3	3	0
e52a7802-fd03-4d83-b0ec-b06cd7a1aedc	chrX	47087005	48082544	4	4	0
e52a7802-fd03-4d83-b0ec-b06cd7a1aedc	chrX	48083481	56787154	3	3	0
e52a7802-fd03-4d83-b0ec-b06cd7a1aedc	chrX	56787285	72573121	2	2	0
e52a7802-fd03-4d83-b0ec-b06cd7a1aedc	chrX	72573208	72918283	5	5	0
e52a7802-fd03-4d83-b0ec-b06cd7a1aedc	chrX	72980271	85620346	2	2	0
e52a7802-fd03-4d83-b0ec-b06cd7a1aedc	chrX	85620797	85629351	3	3	0
e52a7802-fd03-4d83-b0ec-b06cd7a1aedc	chrX	85629444	95141627	2	2	0
e52a7802-fd03-4d83-b0ec-b06cd7a1aedc	chrX	95141864	95159272	3	3	0
e52a7802-fd03-4d83-b0ec-b06cd7a1aedc	chrX	95160023	156004181	2	2	0
e52a7802-fd03-4d83-b0ec-b06cd7a1aedc	chrY	2782397	26653788	0	0	0
e52a7802-fd03-4d83-b0ec-b06cd7a1aedc	chrY	56872112	56872112	1	1	0
