GDC_Aliquot	Chromosome	Start	End	Copy_Number	Major_Copy_Number	Minor_Copy_Number
a1cff263-34f4-4b99-b038-3089c69c120f	chr1	62920	28779966	2	1	1
a1cff263-34f4-4b99-b038-3089c69c120f	chr1	28780455	29149366	3	2	1
a1cff263-34f4-4b99-b038-3089c69c120f	chr1	29151802	40081615	2	1	1
a1cff263-34f4-4b99-b038-3089c69c120f	chr1	40082278	62449224	3	2	1
a1cff263-34f4-4b99-b038-3089c69c120f	chr1	62456989	99223097	2	1	1
a1cff263-34f4-4b99-b038-3089c69c120f	chr1	99224174	103780165	1	1	0
a1cff263-34f4-4b99-b038-3089c69c120f	chr1	103783867	121705338	2	1	1
a1cff263-34f4-4b99-b038-3089c69c120f	chr1	143541857	152787202	3	2	1
a1cff263-34f4-4b99-b038-3089c69c120f	chr1	152789447	152796224	0	0	0
a1cff263-34f4-4b99-b038-3089c69c120f	chr1	152801429	172230182	3	2	1
a1cff263-34f4-4b99-b038-3089c69c120f	chr1	172236122	178039338	2	2	0
a1cff263-34f4-4b99-b038-3089c69c120f	chr1	178043167	180554954	3	2	1
a1cff263-34f4-4b99-b038-3089c69c120f	chr1	180555622	180618027	5	4	1
a1cff263-34f4-4b99-b038-3089c69c120f	chr1	180618424	183971180	3	2	1
a1cff263-34f4-4b99-b038-3089c69c120f	chr1	183972420	239967700	2	1	1
a1cff263-34f4-4b99-b038-3089c69c120f	chr1	239968638	246667186	1	1	0
a1cff263-34f4-4b99-b038-3089c69c120f	chr1	246674300	248930189	2	1	1
a1cff263-34f4-4b99-b038-3089c69c120f	chr2	12784	44918457	3	2	1
a1cff263-34f4-4b99-b038-3089c69c120f	chr2	44918722	44923042	5	3	2
a1cff263-34f4-4b99-b038-3089c69c120f	chr2	44923074	75155584	3	2	1
a1cff263-34f4-4b99-b038-3089c69c120f	chr2	75159475	133708258	2	1	1
a1cff263-34f4-4b99-b038-3089c69c120f	chr2	133715789	136725363	1	1	0
a1cff263-34f4-4b99-b038-3089c69c120f	chr2	136725724	138554204	2	1	1
a1cff263-34f4-4b99-b038-3089c69c120f	chr2	138560577	170646748	3	2	1
a1cff263-34f4-4b99-b038-3089c69c120f	chr2	170651601	171232830	4	3	1
a1cff263-34f4-4b99-b038-3089c69c120f	chr2	171233632	177439194	3	2	1
a1cff263-34f4-4b99-b038-3089c69c120f	chr2	177439253	177753050	4	2	2
a1cff263-34f4-4b99-b038-3089c69c120f	chr2	177755344	187335216	3	2	1
a1cff263-34f4-4b99-b038-3089c69c120f	chr2	187335529	190367405	5	4	1
a1cff263-34f4-4b99-b038-3089c69c120f	chr2	190368270	190461183	3	3	0
a1cff263-34f4-4b99-b038-3089c69c120f	chr2	190466301	225429759	2	2	0
a1cff263-34f4-4b99-b038-3089c69c120f	chr2	225431787	239058808	3	3	0
a1cff263-34f4-4b99-b038-3089c69c120f	chr2	239061828	242147305	1	1	0
a1cff263-34f4-4b99-b038-3089c69c120f	chr3	20930	23105933	1	1	0
a1cff263-34f4-4b99-b038-3089c69c120f	chr3	23108237	23302722	2	1	1
a1cff263-34f4-4b99-b038-3089c69c120f	chr3	23302854	23378454	1	1	0
a1cff263-34f4-4b99-b038-3089c69c120f	chr3	23379207	23593143	2	2	0
a1cff263-34f4-4b99-b038-3089c69c120f	chr3	23593635	39750844	3	2	1
a1cff263-34f4-4b99-b038-3089c69c120f	chr3	39752162	45176163	2	1	1
a1cff263-34f4-4b99-b038-3089c69c120f	chr3	45176276	45185481	1	1	0
a1cff263-34f4-4b99-b038-3089c69c120f	chr3	45185609	48555846	2	1	1
a1cff263-34f4-4b99-b038-3089c69c120f	chr3	48558857	70791869	3	2	1
a1cff263-34f4-4b99-b038-3089c69c120f	chr3	70799335	111518704	2	1	1
a1cff263-34f4-4b99-b038-3089c69c120f	chr3	111518769	111749354	3	2	1
a1cff263-34f4-4b99-b038-3089c69c120f	chr3	111750527	111912744	2	1	1
a1cff263-34f4-4b99-b038-3089c69c120f	chr3	111916272	141553374	3	2	1
a1cff263-34f4-4b99-b038-3089c69c120f	chr3	141554163	142583635	2	2	0
a1cff263-34f4-4b99-b038-3089c69c120f	chr3	142587830	150551316	3	2	1
a1cff263-34f4-4b99-b038-3089c69c120f	chr3	150553839	154968696	4	3	1
a1cff263-34f4-4b99-b038-3089c69c120f	chr3	154969567	160807009	5	4	1
a1cff263-34f4-4b99-b038-3089c69c120f	chr3	160808469	169109311	6	5	1
a1cff263-34f4-4b99-b038-3089c69c120f	chr3	169110747	171254792	7	6	1
a1cff263-34f4-4b99-b038-3089c69c120f	chr3	171256760	175499065	6	5	1
a1cff263-34f4-4b99-b038-3089c69c120f	chr3	175499151	175620608	3	2	1
a1cff263-34f4-4b99-b038-3089c69c120f	chr3	175620893	176789438	6	5	1
a1cff263-34f4-4b99-b038-3089c69c120f	chr3	176789670	184444128	5	4	1
a1cff263-34f4-4b99-b038-3089c69c120f	chr3	184445302	193065418	7	6	1
a1cff263-34f4-4b99-b038-3089c69c120f	chr3	193066305	193697999	3	2	1
a1cff263-34f4-4b99-b038-3089c69c120f	chr3	193699390	193746424	1	1	0
a1cff263-34f4-4b99-b038-3089c69c120f	chr3	193750448	198169247	2	1	1
a1cff263-34f4-4b99-b038-3089c69c120f	chr4	68929	2283983	3	2	1
a1cff263-34f4-4b99-b038-3089c69c120f	chr4	2287539	2813905	3	3	0
a1cff263-34f4-4b99-b038-3089c69c120f	chr4	2814046	10143713	2	2	0
a1cff263-34f4-4b99-b038-3089c69c120f	chr4	10143944	10310348	1	1	0
a1cff263-34f4-4b99-b038-3089c69c120f	chr4	10310449	15455020	2	2	0
a1cff263-34f4-4b99-b038-3089c69c120f	chr4	15455042	43265040	1	1	0
a1cff263-34f4-4b99-b038-3089c69c120f	chr4	43267292	49653346	2	1	1
a1cff263-34f4-4b99-b038-3089c69c120f	chr4	49654496	131949081	1	1	0
a1cff263-34f4-4b99-b038-3089c69c120f	chr4	131961469	132006725	2	2	0
a1cff263-34f4-4b99-b038-3089c69c120f	chr4	132007150	190106768	1	1	0
a1cff263-34f4-4b99-b038-3089c69c120f	chr5	15532	43652625	2	1	1
a1cff263-34f4-4b99-b038-3089c69c120f	chr5	43653461	52758090	3	2	1
a1cff263-34f4-4b99-b038-3089c69c120f	chr5	52758161	56520065	2	1	1
a1cff263-34f4-4b99-b038-3089c69c120f	chr5	56520885	56534004	1	1	0
a1cff263-34f4-4b99-b038-3089c69c120f	chr5	56534155	59797547	2	1	1
a1cff263-34f4-4b99-b038-3089c69c120f	chr5	59800436	59887878	1	1	0
a1cff263-34f4-4b99-b038-3089c69c120f	chr5	59889952	66406202	2	1	1
a1cff263-34f4-4b99-b038-3089c69c120f	chr5	66407431	94887092	1	1	0
a1cff263-34f4-4b99-b038-3089c69c120f	chr5	94889021	101264678	2	1	1
a1cff263-34f4-4b99-b038-3089c69c120f	chr5	101265249	101359475	1	1	0
a1cff263-34f4-4b99-b038-3089c69c120f	chr5	101359566	123346640	2	1	1
a1cff263-34f4-4b99-b038-3089c69c120f	chr5	123361188	145431614	1	1	0
a1cff263-34f4-4b99-b038-3089c69c120f	chr5	145432550	181363319	2	2	0
a1cff263-34f4-4b99-b038-3089c69c120f	chr6	149661	17682316	2	2	0
a1cff263-34f4-4b99-b038-3089c69c120f	chr6	17682491	19206421	4	2	2
a1cff263-34f4-4b99-b038-3089c69c120f	chr6	19207008	19212055	8	4	4
a1cff263-34f4-4b99-b038-3089c69c120f	chr6	19212174	30449149	4	2	2
a1cff263-34f4-4b99-b038-3089c69c120f	chr6	30449208	36524430	3	2	1
a1cff263-34f4-4b99-b038-3089c69c120f	chr6	36524598	36602589	2	2	0
a1cff263-34f4-4b99-b038-3089c69c120f	chr6	36603525	41048444	3	2	1
a1cff263-34f4-4b99-b038-3089c69c120f	chr6	41049213	42033993	2	1	1
a1cff263-34f4-4b99-b038-3089c69c120f	chr6	42037723	42169993	3	2	1
a1cff263-34f4-4b99-b038-3089c69c120f	chr6	42170977	77528029	2	1	1
a1cff263-34f4-4b99-b038-3089c69c120f	chr6	77528187	77544933	3	2	1
a1cff263-34f4-4b99-b038-3089c69c120f	chr6	77547932	103286954	2	1	1
a1cff263-34f4-4b99-b038-3089c69c120f	chr6	103290101	103314186	5	5	0
a1cff263-34f4-4b99-b038-3089c69c120f	chr6	103317795	123954171	2	1	1
a1cff263-34f4-4b99-b038-3089c69c120f	chr6	123960483	138824929	1	1	0
a1cff263-34f4-4b99-b038-3089c69c120f	chr6	138825240	154009494	2	1	1
a1cff263-34f4-4b99-b038-3089c69c120f	chr6	154010049	170741917	1	1	0
a1cff263-34f4-4b99-b038-3089c69c120f	chr7	43259	145185	1	1	0
a1cff263-34f4-4b99-b038-3089c69c120f	chr7	148300	85350399	2	1	1
a1cff263-34f4-4b99-b038-3089c69c120f	chr7	85358540	91472991	3	2	1
a1cff263-34f4-4b99-b038-3089c69c120f	chr7	91473128	103097352	2	1	1
a1cff263-34f4-4b99-b038-3089c69c120f	chr7	103103507	103147076	3	2	1
a1cff263-34f4-4b99-b038-3089c69c120f	chr7	103148766	106909779	2	1	1
a1cff263-34f4-4b99-b038-3089c69c120f	chr7	106911975	106960396	1	1	0
a1cff263-34f4-4b99-b038-3089c69c120f	chr7	106961121	118137358	2	1	1
a1cff263-34f4-4b99-b038-3089c69c120f	chr7	118137372	118572686	4	3	1
a1cff263-34f4-4b99-b038-3089c69c120f	chr7	118573814	125937452	5	4	1
a1cff263-34f4-4b99-b038-3089c69c120f	chr7	125939702	126104862	3	3	0
a1cff263-34f4-4b99-b038-3089c69c120f	chr7	126108537	146120393	4	3	1
a1cff263-34f4-4b99-b038-3089c69c120f	chr7	146120888	157434976	3	3	0
a1cff263-34f4-4b99-b038-3089c69c120f	chr7	157437542	159334314	4	4	0
a1cff263-34f4-4b99-b038-3089c69c120f	chr8	81254	6562212	1	1	0
a1cff263-34f4-4b99-b038-3089c69c120f	chr8	6562879	6678452	0	0	0
a1cff263-34f4-4b99-b038-3089c69c120f	chr8	6680004	22675875	1	1	0
a1cff263-34f4-4b99-b038-3089c69c120f	chr8	22678571	70359048	2	1	1
a1cff263-34f4-4b99-b038-3089c69c120f	chr8	70359441	86150286	1	1	0
a1cff263-34f4-4b99-b038-3089c69c120f	chr8	86150806	86505733	4	4	0
a1cff263-34f4-4b99-b038-3089c69c120f	chr8	86512268	109874385	1	1	0
a1cff263-34f4-4b99-b038-3089c69c120f	chr8	109875783	114932788	4	4	0
a1cff263-34f4-4b99-b038-3089c69c120f	chr8	114932980	128467153	3	3	0
a1cff263-34f4-4b99-b038-3089c69c120f	chr8	128467310	128730029	4	4	0
a1cff263-34f4-4b99-b038-3089c69c120f	chr8	128731647	145072769	3	3	0
a1cff263-34f4-4b99-b038-3089c69c120f	chr9	46587	1197593	1	1	0
a1cff263-34f4-4b99-b038-3089c69c120f	chr9	1198563	4557296	2	2	0
a1cff263-34f4-4b99-b038-3089c69c120f	chr9	4557770	17262817	1	1	0
a1cff263-34f4-4b99-b038-3089c69c120f	chr9	17273733	17509599	0	0	0
a1cff263-34f4-4b99-b038-3089c69c120f	chr9	17509744	20102886	1	1	0
a1cff263-34f4-4b99-b038-3089c69c120f	chr9	20109059	23132592	0	0	0
a1cff263-34f4-4b99-b038-3089c69c120f	chr9	23137967	37762676	1	1	0
a1cff263-34f4-4b99-b038-3089c69c120f	chr9	37763827	75249455	2	1	1
a1cff263-34f4-4b99-b038-3089c69c120f	chr9	75253264	75332927	1	1	0
a1cff263-34f4-4b99-b038-3089c69c120f	chr9	75337570	76098384	2	1	1
a1cff263-34f4-4b99-b038-3089c69c120f	chr9	76099334	76144789	3	2	1
a1cff263-34f4-4b99-b038-3089c69c120f	chr9	76145937	129114629	2	1	1
a1cff263-34f4-4b99-b038-3089c69c120f	chr9	129121630	129340061	1	1	0
a1cff263-34f4-4b99-b038-3089c69c120f	chr9	129347349	138200944	2	1	1
a1cff263-34f4-4b99-b038-3089c69c120f	chr10	45792	11976074	2	2	0
a1cff263-34f4-4b99-b038-3089c69c120f	chr10	11976502	38783090	1	1	0
a1cff263-34f4-4b99-b038-3089c69c120f	chr10	42118988	46216102	2	1	1
a1cff263-34f4-4b99-b038-3089c69c120f	chr10	46217729	46262358	1	1	0
a1cff263-34f4-4b99-b038-3089c69c120f	chr10	46262597	79836564	2	1	1
a1cff263-34f4-4b99-b038-3089c69c120f	chr10	79837113	120534488	1	1	0
a1cff263-34f4-4b99-b038-3089c69c120f	chr10	120534906	133654968	2	2	0
a1cff263-34f4-4b99-b038-3089c69c120f	chr11	198510	24905150	1	1	0
a1cff263-34f4-4b99-b038-3089c69c120f	chr11	24907732	25217811	3	2	1
a1cff263-34f4-4b99-b038-3089c69c120f	chr11	25217987	28863783	6	5	1
a1cff263-34f4-4b99-b038-3089c69c120f	chr11	28865001	31242403	3	2	1
a1cff263-34f4-4b99-b038-3089c69c120f	chr11	31248570	54990467	1	1	0
a1cff263-34f4-4b99-b038-3089c69c120f	chr11	54990815	65245736	3	2	1
a1cff263-34f4-4b99-b038-3089c69c120f	chr11	65249946	65517736	4	3	1
a1cff263-34f4-4b99-b038-3089c69c120f	chr11	65519133	75238666	3	2	1
a1cff263-34f4-4b99-b038-3089c69c120f	chr11	75239273	116634959	2	2	0
a1cff263-34f4-4b99-b038-3089c69c120f	chr11	116636845	135074876	3	2	1
a1cff263-34f4-4b99-b038-3089c69c120f	chr12	51460	1529589	5	4	1
a1cff263-34f4-4b99-b038-3089c69c120f	chr12	1529702	7009772	4	3	1
a1cff263-34f4-4b99-b038-3089c69c120f	chr12	7010768	30115552	3	2	1
a1cff263-34f4-4b99-b038-3089c69c120f	chr12	30115804	105022401	2	1	1
a1cff263-34f4-4b99-b038-3089c69c120f	chr12	105023509	105595019	3	2	1
a1cff263-34f4-4b99-b038-3089c69c120f	chr12	105595325	117411062	2	1	1
a1cff263-34f4-4b99-b038-3089c69c120f	chr12	117411596	117459903	1	1	0
a1cff263-34f4-4b99-b038-3089c69c120f	chr12	117463435	133201603	2	1	1
a1cff263-34f4-4b99-b038-3089c69c120f	chr13	18452809	23886331	2	1	1
a1cff263-34f4-4b99-b038-3089c69c120f	chr13	23890516	24279810	1	1	0
a1cff263-34f4-4b99-b038-3089c69c120f	chr13	24279939	32084619	2	1	1
a1cff263-34f4-4b99-b038-3089c69c120f	chr13	32084968	73753140	3	2	1
a1cff263-34f4-4b99-b038-3089c69c120f	chr13	73753149	73771223	5	3	2
a1cff263-34f4-4b99-b038-3089c69c120f	chr13	73772656	79759044	3	2	1
a1cff263-34f4-4b99-b038-3089c69c120f	chr13	79764855	114342922	2	2	0
a1cff263-34f4-4b99-b038-3089c69c120f	chr14	18239283	21708954	3	2	1
a1cff263-34f4-4b99-b038-3089c69c120f	chr14	21711991	69783008	2	1	1
a1cff263-34f4-4b99-b038-3089c69c120f	chr14	69789953	106877229	3	2	1
a1cff263-34f4-4b99-b038-3089c69c120f	chr15	19811075	24153780	2	1	1
a1cff263-34f4-4b99-b038-3089c69c120f	chr15	24158234	24297086	3	2	1
a1cff263-34f4-4b99-b038-3089c69c120f	chr15	24302274	35619651	2	1	1
a1cff263-34f4-4b99-b038-3089c69c120f	chr15	35622336	52796226	1	1	0
a1cff263-34f4-4b99-b038-3089c69c120f	chr15	52797245	64896738	2	2	0
a1cff263-34f4-4b99-b038-3089c69c120f	chr15	64904224	73760148	3	3	0
a1cff263-34f4-4b99-b038-3089c69c120f	chr15	73761040	101928837	2	2	0
a1cff263-34f4-4b99-b038-3089c69c120f	chr16	10777	1318009	1	1	0
a1cff263-34f4-4b99-b038-3089c69c120f	chr16	1319175	12560005	2	1	1
a1cff263-34f4-4b99-b038-3089c69c120f	chr16	12560026	12562531	1	1	0
a1cff263-34f4-4b99-b038-3089c69c120f	chr16	12563334	36048855	2	1	1
a1cff263-34f4-4b99-b038-3089c69c120f	chr16	46441986	90096867	1	1	0
a1cff263-34f4-4b99-b038-3089c69c120f	chr17	150733	1635100	4	4	0
a1cff263-34f4-4b99-b038-3089c69c120f	chr17	1636246	17349974	2	2	0
a1cff263-34f4-4b99-b038-3089c69c120f	chr17	17350841	36032689	1	1	0
a1cff263-34f4-4b99-b038-3089c69c120f	chr17	36032864	39642801	2	2	0
a1cff263-34f4-4b99-b038-3089c69c120f	chr17	39645431	59814594	3	3	0
a1cff263-34f4-4b99-b038-3089c69c120f	chr17	59820498	64772394	4	4	0
a1cff263-34f4-4b99-b038-3089c69c120f	chr17	64787495	66910784	0	0	0
a1cff263-34f4-4b99-b038-3089c69c120f	chr17	66912483	68841501	4	4	0
a1cff263-34f4-4b99-b038-3089c69c120f	chr17	68846844	83091923	3	3	0
a1cff263-34f4-4b99-b038-3089c69c120f	chr18	48133	21866304	2	1	1
a1cff263-34f4-4b99-b038-3089c69c120f	chr18	21867032	24295751	4	3	1
a1cff263-34f4-4b99-b038-3089c69c120f	chr18	24301395	39846192	2	1	1
a1cff263-34f4-4b99-b038-3089c69c120f	chr18	39848070	39920480	1	1	0
a1cff263-34f4-4b99-b038-3089c69c120f	chr18	39920801	62068227	2	1	1
a1cff263-34f4-4b99-b038-3089c69c120f	chr18	62068450	62873880	3	2	1
a1cff263-34f4-4b99-b038-3089c69c120f	chr18	62874231	70171573	2	1	1
a1cff263-34f4-4b99-b038-3089c69c120f	chr18	70178102	70757107	3	2	1
a1cff263-34f4-4b99-b038-3089c69c120f	chr18	70758614	80257174	1	1	0
a1cff263-34f4-4b99-b038-3089c69c120f	chr19	90910	7272702	1	1	0
a1cff263-34f4-4b99-b038-3089c69c120f	chr19	7275293	21922525	2	1	1
a1cff263-34f4-4b99-b038-3089c69c120f	chr19	21923350	30888951	3	2	1
a1cff263-34f4-4b99-b038-3089c69c120f	chr19	30889127	58586487	2	1	1
a1cff263-34f4-4b99-b038-3089c69c120f	chr20	80664	8841784	3	3	0
a1cff263-34f4-4b99-b038-3089c69c120f	chr20	8842076	8926256	4	4	0
a1cff263-34f4-4b99-b038-3089c69c120f	chr20	8926814	14808121	3	3	0
a1cff263-34f4-4b99-b038-3089c69c120f	chr20	14812166	15631346	0	0	0
a1cff263-34f4-4b99-b038-3089c69c120f	chr20	15636561	26316572	3	3	0
a1cff263-34f4-4b99-b038-3089c69c120f	chr20	26324855	46137822	3	2	1
a1cff263-34f4-4b99-b038-3089c69c120f	chr20	46137877	49737530	2	2	0
a1cff263-34f4-4b99-b038-3089c69c120f	chr20	49737700	64324800	3	2	1
a1cff263-34f4-4b99-b038-3089c69c120f	chr21	12973348	16920015	3	2	1
a1cff263-34f4-4b99-b038-3089c69c120f	chr21	16921128	33529235	2	1	1
a1cff263-34f4-4b99-b038-3089c69c120f	chr21	33535099	34133561	3	2	1
a1cff263-34f4-4b99-b038-3089c69c120f	chr21	34134130	39072894	2	1	1
a1cff263-34f4-4b99-b038-3089c69c120f	chr21	39073393	46677045	1	1	0
a1cff263-34f4-4b99-b038-3089c69c120f	chr22	16392123	21797532	2	1	1
a1cff263-34f4-4b99-b038-3089c69c120f	chr22	21798950	27160247	1	1	0
a1cff263-34f4-4b99-b038-3089c69c120f	chr22	27160617	27173287	0	0	0
a1cff263-34f4-4b99-b038-3089c69c120f	chr22	27176354	50796027	1	1	0
a1cff263-34f4-4b99-b038-3089c69c120f	chrX	251810	3568248	1	1	0
a1cff263-34f4-4b99-b038-3089c69c120f	chrX	3571114	18295491	2	2	0
a1cff263-34f4-4b99-b038-3089c69c120f	chrX	18302888	32396298	1	1	0
a1cff263-34f4-4b99-b038-3089c69c120f	chrX	32396948	32589245	0	0	0
a1cff263-34f4-4b99-b038-3089c69c120f	chrX	32590014	52000635	1	1	0
a1cff263-34f4-4b99-b038-3089c69c120f	chrX	52001922	82916034	2	1	1
a1cff263-34f4-4b99-b038-3089c69c120f	chrX	82918891	136208427	1	1	0
a1cff263-34f4-4b99-b038-3089c69c120f	chrX	136210923	156004181	2	1	1
a1cff263-34f4-4b99-b038-3089c69c120f	chrY	2782397	26653788	0	0	0
a1cff263-34f4-4b99-b038-3089c69c120f	chrY	56872112	56872112	5	5	0
