GDC_Aliquot	Chromosome	Start	End	Copy_Number	Major_Copy_Number	Minor_Copy_Number
f18ae0f5-b5bf-48d6-afb0-10a7c816c8fa	chr1	62920	1851123	5	5	0
f18ae0f5-b5bf-48d6-afb0-10a7c816c8fa	chr1	1851762	8177739	3	3	0
f18ae0f5-b5bf-48d6-afb0-10a7c816c8fa	chr1	8181089	9975159	6	6	0
f18ae0f5-b5bf-48d6-afb0-10a7c816c8fa	chr1	9976002	11169675	4	4	0
f18ae0f5-b5bf-48d6-afb0-10a7c816c8fa	chr1	11176353	14495114	3	3	0
f18ae0f5-b5bf-48d6-afb0-10a7c816c8fa	chr1	14495890	16446090	4	2	2
f18ae0f5-b5bf-48d6-afb0-10a7c816c8fa	chr1	16446760	51458528	3	2	1
f18ae0f5-b5bf-48d6-afb0-10a7c816c8fa	chr1	51460378	54140849	4	3	1
f18ae0f5-b5bf-48d6-afb0-10a7c816c8fa	chr1	54141131	94754605	3	2	1
f18ae0f5-b5bf-48d6-afb0-10a7c816c8fa	chr1	94754624	114233540	2	2	0
f18ae0f5-b5bf-48d6-afb0-10a7c816c8fa	chr1	114233683	119138344	3	2	1
f18ae0f5-b5bf-48d6-afb0-10a7c816c8fa	chr1	119138374	121705338	4	2	2
f18ae0f5-b5bf-48d6-afb0-10a7c816c8fa	chr1	143541857	200925934	3	2	1
f18ae0f5-b5bf-48d6-afb0-10a7c816c8fa	chr1	200927169	203196983	4	2	2
f18ae0f5-b5bf-48d6-afb0-10a7c816c8fa	chr1	203197823	204714484	4	3	1
f18ae0f5-b5bf-48d6-afb0-10a7c816c8fa	chr1	204714749	204725558	2	1	1
f18ae0f5-b5bf-48d6-afb0-10a7c816c8fa	chr1	204730372	205823708	4	3	1
f18ae0f5-b5bf-48d6-afb0-10a7c816c8fa	chr1	205825027	208380602	5	3	2
f18ae0f5-b5bf-48d6-afb0-10a7c816c8fa	chr1	208380840	208903927	4	3	1
f18ae0f5-b5bf-48d6-afb0-10a7c816c8fa	chr1	208905090	208950183	1	1	0
f18ae0f5-b5bf-48d6-afb0-10a7c816c8fa	chr1	208950317	244331854	3	2	1
f18ae0f5-b5bf-48d6-afb0-10a7c816c8fa	chr1	244333884	246201231	4	3	1
f18ae0f5-b5bf-48d6-afb0-10a7c816c8fa	chr1	246201290	246923580	2	1	1
f18ae0f5-b5bf-48d6-afb0-10a7c816c8fa	chr1	246926421	248930189	3	2	1
f18ae0f5-b5bf-48d6-afb0-10a7c816c8fa	chr2	12784	29842272	3	2	1
f18ae0f5-b5bf-48d6-afb0-10a7c816c8fa	chr2	29842569	29852145	1	1	0
f18ae0f5-b5bf-48d6-afb0-10a7c816c8fa	chr2	29852185	31584215	3	2	1
f18ae0f5-b5bf-48d6-afb0-10a7c816c8fa	chr2	31587733	31967745	2	2	0
f18ae0f5-b5bf-48d6-afb0-10a7c816c8fa	chr2	31972264	41306327	3	2	1
f18ae0f5-b5bf-48d6-afb0-10a7c816c8fa	chr2	41307821	41907196	5	4	1
f18ae0f5-b5bf-48d6-afb0-10a7c816c8fa	chr2	41909072	43985483	6	4	2
f18ae0f5-b5bf-48d6-afb0-10a7c816c8fa	chr2	43985659	45552079	5	3	2
f18ae0f5-b5bf-48d6-afb0-10a7c816c8fa	chr2	45552960	52527330	4	2	2
f18ae0f5-b5bf-48d6-afb0-10a7c816c8fa	chr2	52527342	52554404	0	0	0
f18ae0f5-b5bf-48d6-afb0-10a7c816c8fa	chr2	52560811	70706763	4	2	2
f18ae0f5-b5bf-48d6-afb0-10a7c816c8fa	chr2	70707609	71070565	3	2	1
f18ae0f5-b5bf-48d6-afb0-10a7c816c8fa	chr2	71071208	75930172	4	2	2
f18ae0f5-b5bf-48d6-afb0-10a7c816c8fa	chr2	75930604	83383311	5	3	2
f18ae0f5-b5bf-48d6-afb0-10a7c816c8fa	chr2	83385306	98994553	4	2	2
f18ae0f5-b5bf-48d6-afb0-10a7c816c8fa	chr2	98995305	100695647	3	2	1
f18ae0f5-b5bf-48d6-afb0-10a7c816c8fa	chr2	100696006	100708745	1	1	0
f18ae0f5-b5bf-48d6-afb0-10a7c816c8fa	chr2	100710146	137537605	3	2	1
f18ae0f5-b5bf-48d6-afb0-10a7c816c8fa	chr2	137538853	137859205	4	3	1
f18ae0f5-b5bf-48d6-afb0-10a7c816c8fa	chr2	137859226	159380623	2	1	1
f18ae0f5-b5bf-48d6-afb0-10a7c816c8fa	chr2	159381818	159752991	1	1	0
f18ae0f5-b5bf-48d6-afb0-10a7c816c8fa	chr2	159756183	199980111	2	1	1
f18ae0f5-b5bf-48d6-afb0-10a7c816c8fa	chr2	199984173	200073178	1	1	0
f18ae0f5-b5bf-48d6-afb0-10a7c816c8fa	chr2	200075050	208243194	2	1	1
f18ae0f5-b5bf-48d6-afb0-10a7c816c8fa	chr2	208247421	208651705	1	1	0
f18ae0f5-b5bf-48d6-afb0-10a7c816c8fa	chr2	208651836	212635338	2	1	1
f18ae0f5-b5bf-48d6-afb0-10a7c816c8fa	chr2	212635946	213177496	1	1	0
f18ae0f5-b5bf-48d6-afb0-10a7c816c8fa	chr2	213180090	242147305	2	1	1
f18ae0f5-b5bf-48d6-afb0-10a7c816c8fa	chr3	20930	4560550	4	2	2
f18ae0f5-b5bf-48d6-afb0-10a7c816c8fa	chr3	4560814	4566909	0	0	0
f18ae0f5-b5bf-48d6-afb0-10a7c816c8fa	chr3	4567964	6604856	4	2	2
f18ae0f5-b5bf-48d6-afb0-10a7c816c8fa	chr3	6609441	6611645	0	0	0
f18ae0f5-b5bf-48d6-afb0-10a7c816c8fa	chr3	6613391	15966919	4	2	2
f18ae0f5-b5bf-48d6-afb0-10a7c816c8fa	chr3	15968297	16142355	5	3	2
f18ae0f5-b5bf-48d6-afb0-10a7c816c8fa	chr3	16142441	16151527	3	2	1
f18ae0f5-b5bf-48d6-afb0-10a7c816c8fa	chr3	16152010	19390041	5	3	2
f18ae0f5-b5bf-48d6-afb0-10a7c816c8fa	chr3	19390668	54569489	4	2	2
f18ae0f5-b5bf-48d6-afb0-10a7c816c8fa	chr3	54570161	54583992	1	1	0
f18ae0f5-b5bf-48d6-afb0-10a7c816c8fa	chr3	54585747	56394852	4	2	2
f18ae0f5-b5bf-48d6-afb0-10a7c816c8fa	chr3	56397705	63274365	3	2	1
f18ae0f5-b5bf-48d6-afb0-10a7c816c8fa	chr3	63275685	63286382	6	3	3
f18ae0f5-b5bf-48d6-afb0-10a7c816c8fa	chr3	63287392	64975978	4	3	1
f18ae0f5-b5bf-48d6-afb0-10a7c816c8fa	chr3	64976179	73925264	3	2	1
f18ae0f5-b5bf-48d6-afb0-10a7c816c8fa	chr3	73925469	77695568	4	3	1
f18ae0f5-b5bf-48d6-afb0-10a7c816c8fa	chr3	77695597	77739651	3	2	1
f18ae0f5-b5bf-48d6-afb0-10a7c816c8fa	chr3	77748170	78564097	5	4	1
f18ae0f5-b5bf-48d6-afb0-10a7c816c8fa	chr3	78564252	87410856	3	2	1
f18ae0f5-b5bf-48d6-afb0-10a7c816c8fa	chr3	87417155	87526074	5	3	2
f18ae0f5-b5bf-48d6-afb0-10a7c816c8fa	chr3	87529089	98047931	4	3	1
f18ae0f5-b5bf-48d6-afb0-10a7c816c8fa	chr3	98048338	98066703	2	1	1
f18ae0f5-b5bf-48d6-afb0-10a7c816c8fa	chr3	98067130	109412019	4	3	1
f18ae0f5-b5bf-48d6-afb0-10a7c816c8fa	chr3	109417599	112043604	5	3	2
f18ae0f5-b5bf-48d6-afb0-10a7c816c8fa	chr3	112043671	153756107	3	2	1
f18ae0f5-b5bf-48d6-afb0-10a7c816c8fa	chr3	153756855	153778618	7	5	2
f18ae0f5-b5bf-48d6-afb0-10a7c816c8fa	chr3	153778796	160494252	4	3	1
f18ae0f5-b5bf-48d6-afb0-10a7c816c8fa	chr3	160503572	163331014	6	3	3
f18ae0f5-b5bf-48d6-afb0-10a7c816c8fa	chr3	163335221	165250934	14	11	3
f18ae0f5-b5bf-48d6-afb0-10a7c816c8fa	chr3	165257558	165504011	24	21	3
f18ae0f5-b5bf-48d6-afb0-10a7c816c8fa	chr3	165504620	166623262	13	10	3
f18ae0f5-b5bf-48d6-afb0-10a7c816c8fa	chr3	166626547	169177570	22	20	2
f18ae0f5-b5bf-48d6-afb0-10a7c816c8fa	chr3	169178034	171445280	13	11	2
f18ae0f5-b5bf-48d6-afb0-10a7c816c8fa	chr3	171450611	171584276	10	8	2
f18ae0f5-b5bf-48d6-afb0-10a7c816c8fa	chr3	171584612	173614850	12	9	3
f18ae0f5-b5bf-48d6-afb0-10a7c816c8fa	chr3	173614990	173821613	10	7	3
f18ae0f5-b5bf-48d6-afb0-10a7c816c8fa	chr3	173824128	178457182	6	3	3
f18ae0f5-b5bf-48d6-afb0-10a7c816c8fa	chr3	178458057	181601188	5	3	2
f18ae0f5-b5bf-48d6-afb0-10a7c816c8fa	chr3	181601498	198169247	4	3	1
f18ae0f5-b5bf-48d6-afb0-10a7c816c8fa	chr4	68929	1627977	2	1	1
f18ae0f5-b5bf-48d6-afb0-10a7c816c8fa	chr4	1646725	4080615	3	2	1
f18ae0f5-b5bf-48d6-afb0-10a7c816c8fa	chr4	4081209	18919072	2	1	1
f18ae0f5-b5bf-48d6-afb0-10a7c816c8fa	chr4	18920212	18921261	0	0	0
f18ae0f5-b5bf-48d6-afb0-10a7c816c8fa	chr4	18921443	35860091	2	1	1
f18ae0f5-b5bf-48d6-afb0-10a7c816c8fa	chr4	35861829	35886145	0	0	0
f18ae0f5-b5bf-48d6-afb0-10a7c816c8fa	chr4	35886342	64720489	2	1	1
f18ae0f5-b5bf-48d6-afb0-10a7c816c8fa	chr4	64720820	68149710	4	3	1
f18ae0f5-b5bf-48d6-afb0-10a7c816c8fa	chr4	68152092	68749663	11	10	1
f18ae0f5-b5bf-48d6-afb0-10a7c816c8fa	chr4	68762775	72835254	7	6	1
f18ae0f5-b5bf-48d6-afb0-10a7c816c8fa	chr4	72835288	75754649	8	7	1
f18ae0f5-b5bf-48d6-afb0-10a7c816c8fa	chr4	75764875	176306847	2	1	1
f18ae0f5-b5bf-48d6-afb0-10a7c816c8fa	chr4	176307363	176308949	6	3	3
f18ae0f5-b5bf-48d6-afb0-10a7c816c8fa	chr4	176309021	183355902	2	1	1
f18ae0f5-b5bf-48d6-afb0-10a7c816c8fa	chr4	183357552	183404297	3	2	1
f18ae0f5-b5bf-48d6-afb0-10a7c816c8fa	chr4	183404974	186082920	2	1	1
f18ae0f5-b5bf-48d6-afb0-10a7c816c8fa	chr4	186085652	186095456	0	0	0
f18ae0f5-b5bf-48d6-afb0-10a7c816c8fa	chr4	186096037	190106768	2	1	1
f18ae0f5-b5bf-48d6-afb0-10a7c816c8fa	chr5	15532	9693224	4	2	2
f18ae0f5-b5bf-48d6-afb0-10a7c816c8fa	chr5	9694556	10145244	3	2	1
f18ae0f5-b5bf-48d6-afb0-10a7c816c8fa	chr5	10145801	16557277	4	2	2
f18ae0f5-b5bf-48d6-afb0-10a7c816c8fa	chr5	16557758	37612534	5	3	2
f18ae0f5-b5bf-48d6-afb0-10a7c816c8fa	chr5	37615886	37916444	4	2	2
f18ae0f5-b5bf-48d6-afb0-10a7c816c8fa	chr5	37917259	51555660	5	3	2
f18ae0f5-b5bf-48d6-afb0-10a7c816c8fa	chr5	51555741	116394277	3	2	1
f18ae0f5-b5bf-48d6-afb0-10a7c816c8fa	chr5	116395751	116439846	1	1	0
f18ae0f5-b5bf-48d6-afb0-10a7c816c8fa	chr5	116440056	123083430	3	2	1
f18ae0f5-b5bf-48d6-afb0-10a7c816c8fa	chr5	123083649	125156511	4	3	1
f18ae0f5-b5bf-48d6-afb0-10a7c816c8fa	chr5	125156695	125479926	5	4	1
f18ae0f5-b5bf-48d6-afb0-10a7c816c8fa	chr5	125479958	127686025	4	3	1
f18ae0f5-b5bf-48d6-afb0-10a7c816c8fa	chr5	127688390	181363319	3	2	1
f18ae0f5-b5bf-48d6-afb0-10a7c816c8fa	chr6	149661	6566386	4	2	2
f18ae0f5-b5bf-48d6-afb0-10a7c816c8fa	chr6	6568339	8722008	5	3	2
f18ae0f5-b5bf-48d6-afb0-10a7c816c8fa	chr6	8722496	17305169	4	2	2
f18ae0f5-b5bf-48d6-afb0-10a7c816c8fa	chr6	17308899	18647705	5	3	2
f18ae0f5-b5bf-48d6-afb0-10a7c816c8fa	chr6	18652859	32266109	4	2	2
f18ae0f5-b5bf-48d6-afb0-10a7c816c8fa	chr6	32266238	32791475	5	3	2
f18ae0f5-b5bf-48d6-afb0-10a7c816c8fa	chr6	32791496	32846882	3	2	1
f18ae0f5-b5bf-48d6-afb0-10a7c816c8fa	chr6	32847711	35608787	4	2	2
f18ae0f5-b5bf-48d6-afb0-10a7c816c8fa	chr6	35611598	37628144	5	3	2
f18ae0f5-b5bf-48d6-afb0-10a7c816c8fa	chr6	37628439	41675648	4	2	2
f18ae0f5-b5bf-48d6-afb0-10a7c816c8fa	chr6	41675715	41743584	7	5	2
f18ae0f5-b5bf-48d6-afb0-10a7c816c8fa	chr6	41744714	51293759	4	2	2
f18ae0f5-b5bf-48d6-afb0-10a7c816c8fa	chr6	51294315	53866663	5	3	2
f18ae0f5-b5bf-48d6-afb0-10a7c816c8fa	chr6	53869994	69499213	4	2	2
f18ae0f5-b5bf-48d6-afb0-10a7c816c8fa	chr6	69505423	69551415	2	1	1
f18ae0f5-b5bf-48d6-afb0-10a7c816c8fa	chr6	69553670	78253172	4	2	2
f18ae0f5-b5bf-48d6-afb0-10a7c816c8fa	chr6	78259348	78293324	0	0	0
f18ae0f5-b5bf-48d6-afb0-10a7c816c8fa	chr6	78293764	85389266	4	2	2
f18ae0f5-b5bf-48d6-afb0-10a7c816c8fa	chr6	85389505	92060479	3	2	1
f18ae0f5-b5bf-48d6-afb0-10a7c816c8fa	chr6	92060566	102766368	4	2	2
f18ae0f5-b5bf-48d6-afb0-10a7c816c8fa	chr6	102766531	103286954	3	2	1
f18ae0f5-b5bf-48d6-afb0-10a7c816c8fa	chr6	103290101	103314186	0	0	0
f18ae0f5-b5bf-48d6-afb0-10a7c816c8fa	chr6	103317795	114990389	3	2	1
f18ae0f5-b5bf-48d6-afb0-10a7c816c8fa	chr6	114991970	115018890	1	1	0
f18ae0f5-b5bf-48d6-afb0-10a7c816c8fa	chr6	115019038	116199185	3	2	1
f18ae0f5-b5bf-48d6-afb0-10a7c816c8fa	chr6	116201452	118680974	4	3	1
f18ae0f5-b5bf-48d6-afb0-10a7c816c8fa	chr6	118681065	170741917	3	2	1
f18ae0f5-b5bf-48d6-afb0-10a7c816c8fa	chr7	43259	3392233	4	2	2
f18ae0f5-b5bf-48d6-afb0-10a7c816c8fa	chr7	3392382	3466482	1	1	0
f18ae0f5-b5bf-48d6-afb0-10a7c816c8fa	chr7	3469994	10813825	5	3	2
f18ae0f5-b5bf-48d6-afb0-10a7c816c8fa	chr7	10813988	10868635	4	3	1
f18ae0f5-b5bf-48d6-afb0-10a7c816c8fa	chr7	10869677	16484148	6	3	3
f18ae0f5-b5bf-48d6-afb0-10a7c816c8fa	chr7	16485930	19024619	5	3	2
f18ae0f5-b5bf-48d6-afb0-10a7c816c8fa	chr7	19026723	21019589	6	4	2
f18ae0f5-b5bf-48d6-afb0-10a7c816c8fa	chr7	21019759	27998513	5	3	2
f18ae0f5-b5bf-48d6-afb0-10a7c816c8fa	chr7	27999122	30520060	6	4	2
f18ae0f5-b5bf-48d6-afb0-10a7c816c8fa	chr7	30520104	39284179	5	3	2
f18ae0f5-b5bf-48d6-afb0-10a7c816c8fa	chr7	39284750	39295723	2	1	1
f18ae0f5-b5bf-48d6-afb0-10a7c816c8fa	chr7	39296814	43893115	5	3	2
f18ae0f5-b5bf-48d6-afb0-10a7c816c8fa	chr7	43893311	46291507	6	3	3
f18ae0f5-b5bf-48d6-afb0-10a7c816c8fa	chr7	46291744	47439945	10	5	5
f18ae0f5-b5bf-48d6-afb0-10a7c816c8fa	chr7	47443481	49166444	8	5	3
f18ae0f5-b5bf-48d6-afb0-10a7c816c8fa	chr7	49169020	63006761	5	3	2
f18ae0f5-b5bf-48d6-afb0-10a7c816c8fa	chr7	63007114	64038099	7	5	2
f18ae0f5-b5bf-48d6-afb0-10a7c816c8fa	chr7	64039244	95669443	3	2	1
f18ae0f5-b5bf-48d6-afb0-10a7c816c8fa	chr7	95669680	95725412	6	4	2
f18ae0f5-b5bf-48d6-afb0-10a7c816c8fa	chr7	95726594	106159002	3	2	1
f18ae0f5-b5bf-48d6-afb0-10a7c816c8fa	chr7	106159261	106224771	1	1	0
f18ae0f5-b5bf-48d6-afb0-10a7c816c8fa	chr7	106225161	135443395	3	2	1
f18ae0f5-b5bf-48d6-afb0-10a7c816c8fa	chr7	135443540	136119986	2	2	0
f18ae0f5-b5bf-48d6-afb0-10a7c816c8fa	chr7	136120371	159334314	3	2	1
f18ae0f5-b5bf-48d6-afb0-10a7c816c8fa	chr8	81254	12025748	1	1	0
f18ae0f5-b5bf-48d6-afb0-10a7c816c8fa	chr8	12035719	17755366	3	2	1
f18ae0f5-b5bf-48d6-afb0-10a7c816c8fa	chr8	17756097	18140741	5	4	1
f18ae0f5-b5bf-48d6-afb0-10a7c816c8fa	chr8	18140927	24209214	1	1	0
f18ae0f5-b5bf-48d6-afb0-10a7c816c8fa	chr8	24212123	26266679	2	1	1
f18ae0f5-b5bf-48d6-afb0-10a7c816c8fa	chr8	26268151	40382590	1	1	0
f18ae0f5-b5bf-48d6-afb0-10a7c816c8fa	chr8	40382603	41889854	5	4	1
f18ae0f5-b5bf-48d6-afb0-10a7c816c8fa	chr8	41890244	47939024	6	5	1
f18ae0f5-b5bf-48d6-afb0-10a7c816c8fa	chr8	47939039	99333717	9	5	4
f18ae0f5-b5bf-48d6-afb0-10a7c816c8fa	chr8	99337249	103699344	9	6	3
f18ae0f5-b5bf-48d6-afb0-10a7c816c8fa	chr8	103704512	104886494	9	5	4
f18ae0f5-b5bf-48d6-afb0-10a7c816c8fa	chr8	104886726	107376266	11	6	5
f18ae0f5-b5bf-48d6-afb0-10a7c816c8fa	chr8	107376661	112924263	9	5	4
f18ae0f5-b5bf-48d6-afb0-10a7c816c8fa	chr8	112930015	114838109	11	6	5
f18ae0f5-b5bf-48d6-afb0-10a7c816c8fa	chr8	114840867	114924171	15	8	7
f18ae0f5-b5bf-48d6-afb0-10a7c816c8fa	chr8	114924678	126864755	11	6	5
f18ae0f5-b5bf-48d6-afb0-10a7c816c8fa	chr8	126867209	128056781	10	5	5
f18ae0f5-b5bf-48d6-afb0-10a7c816c8fa	chr8	128057932	132504105	12	6	6
f18ae0f5-b5bf-48d6-afb0-10a7c816c8fa	chr8	132511398	132537152	15	12	3
f18ae0f5-b5bf-48d6-afb0-10a7c816c8fa	chr8	132538934	133234652	8	6	2
f18ae0f5-b5bf-48d6-afb0-10a7c816c8fa	chr8	133234884	133529299	7	6	1
f18ae0f5-b5bf-48d6-afb0-10a7c816c8fa	chr8	133529315	145072769	8	6	2
f18ae0f5-b5bf-48d6-afb0-10a7c816c8fa	chr9	46587	3975162	4	2	2
f18ae0f5-b5bf-48d6-afb0-10a7c816c8fa	chr9	3976042	36143007	3	2	1
f18ae0f5-b5bf-48d6-afb0-10a7c816c8fa	chr9	36147131	41741113	5	3	2
f18ae0f5-b5bf-48d6-afb0-10a7c816c8fa	chr9	60863881	68420787	4	2	2
f18ae0f5-b5bf-48d6-afb0-10a7c816c8fa	chr9	68421022	109757434	2	2	0
f18ae0f5-b5bf-48d6-afb0-10a7c816c8fa	chr9	109757701	109759283	6	5	1
f18ae0f5-b5bf-48d6-afb0-10a7c816c8fa	chr9	109759995	111844669	2	2	0
f18ae0f5-b5bf-48d6-afb0-10a7c816c8fa	chr9	111845536	112077372	1	1	0
f18ae0f5-b5bf-48d6-afb0-10a7c816c8fa	chr9	112077728	126628521	2	2	0
f18ae0f5-b5bf-48d6-afb0-10a7c816c8fa	chr9	126628886	126699633	1	1	0
f18ae0f5-b5bf-48d6-afb0-10a7c816c8fa	chr9	126700222	135068819	2	2	0
f18ae0f5-b5bf-48d6-afb0-10a7c816c8fa	chr9	135069131	138200944	3	2	1
f18ae0f5-b5bf-48d6-afb0-10a7c816c8fa	chr10	45792	898642	4	3	1
f18ae0f5-b5bf-48d6-afb0-10a7c816c8fa	chr10	898701	3159873	3	2	1
f18ae0f5-b5bf-48d6-afb0-10a7c816c8fa	chr10	3160490	3631408	2	1	1
f18ae0f5-b5bf-48d6-afb0-10a7c816c8fa	chr10	3631995	16659058	4	3	1
f18ae0f5-b5bf-48d6-afb0-10a7c816c8fa	chr10	16659407	20767658	5	4	1
f18ae0f5-b5bf-48d6-afb0-10a7c816c8fa	chr10	20768616	20771236	13	9	4
f18ae0f5-b5bf-48d6-afb0-10a7c816c8fa	chr10	20771889	35007861	5	4	1
f18ae0f5-b5bf-48d6-afb0-10a7c816c8fa	chr10	35015934	82052309	3	2	1
f18ae0f5-b5bf-48d6-afb0-10a7c816c8fa	chr10	82055872	82258487	2	2	0
f18ae0f5-b5bf-48d6-afb0-10a7c816c8fa	chr10	82260730	133420688	3	2	1
f18ae0f5-b5bf-48d6-afb0-10a7c816c8fa	chr10	133429369	133563774	0	0	0
f18ae0f5-b5bf-48d6-afb0-10a7c816c8fa	chr10	133573736	133654968	3	2	1
f18ae0f5-b5bf-48d6-afb0-10a7c816c8fa	chr11	198510	4946420	4	2	2
f18ae0f5-b5bf-48d6-afb0-10a7c816c8fa	chr11	4947280	4955042	0	0	0
f18ae0f5-b5bf-48d6-afb0-10a7c816c8fa	chr11	4955781	12495935	4	2	2
f18ae0f5-b5bf-48d6-afb0-10a7c816c8fa	chr11	12496125	14364250	5	3	2
f18ae0f5-b5bf-48d6-afb0-10a7c816c8fa	chr11	14366666	34666611	4	2	2
f18ae0f5-b5bf-48d6-afb0-10a7c816c8fa	chr11	34670644	34981275	6	4	2
f18ae0f5-b5bf-48d6-afb0-10a7c816c8fa	chr11	34984355	44686374	4	2	2
f18ae0f5-b5bf-48d6-afb0-10a7c816c8fa	chr11	44689275	44699447	1	1	0
f18ae0f5-b5bf-48d6-afb0-10a7c816c8fa	chr11	44699773	59359342	4	2	2
f18ae0f5-b5bf-48d6-afb0-10a7c816c8fa	chr11	59359833	59403530	2	1	1
f18ae0f5-b5bf-48d6-afb0-10a7c816c8fa	chr11	59408469	66001182	4	2	2
f18ae0f5-b5bf-48d6-afb0-10a7c816c8fa	chr11	66003187	67103077	6	3	3
f18ae0f5-b5bf-48d6-afb0-10a7c816c8fa	chr11	67103746	68530487	6	4	2
f18ae0f5-b5bf-48d6-afb0-10a7c816c8fa	chr11	68536161	70633880	11	9	2
f18ae0f5-b5bf-48d6-afb0-10a7c816c8fa	chr11	70635859	71930558	8	6	2
f18ae0f5-b5bf-48d6-afb0-10a7c816c8fa	chr11	71931212	72678606	9	7	2
f18ae0f5-b5bf-48d6-afb0-10a7c816c8fa	chr11	72679595	73634996	7	5	2
f18ae0f5-b5bf-48d6-afb0-10a7c816c8fa	chr11	73635857	89732457	5	3	2
f18ae0f5-b5bf-48d6-afb0-10a7c816c8fa	chr11	89733564	92873940	6	4	2
f18ae0f5-b5bf-48d6-afb0-10a7c816c8fa	chr11	92874384	102895435	4	2	2
f18ae0f5-b5bf-48d6-afb0-10a7c816c8fa	chr11	102897556	103491085	3	2	1
f18ae0f5-b5bf-48d6-afb0-10a7c816c8fa	chr11	103496446	103583232	2	1	1
f18ae0f5-b5bf-48d6-afb0-10a7c816c8fa	chr11	103583931	135074876	3	2	1
f18ae0f5-b5bf-48d6-afb0-10a7c816c8fa	chr12	51460	12599144	5	3	2
f18ae0f5-b5bf-48d6-afb0-10a7c816c8fa	chr12	12599185	23251229	3	2	1
f18ae0f5-b5bf-48d6-afb0-10a7c816c8fa	chr12	23252344	24155667	49	48	1
f18ae0f5-b5bf-48d6-afb0-10a7c816c8fa	chr12	24156729	25434209	42	42	0
f18ae0f5-b5bf-48d6-afb0-10a7c816c8fa	chr12	25434690	27702018	35	34	1
f18ae0f5-b5bf-48d6-afb0-10a7c816c8fa	chr12	27703493	28881307	17	15	2
f18ae0f5-b5bf-48d6-afb0-10a7c816c8fa	chr12	28882273	31875818	12	10	2
f18ae0f5-b5bf-48d6-afb0-10a7c816c8fa	chr12	31875869	37463949	11	9	2
f18ae0f5-b5bf-48d6-afb0-10a7c816c8fa	chr12	37464142	40586339	4	2	2
f18ae0f5-b5bf-48d6-afb0-10a7c816c8fa	chr12	40588810	47723924	5	3	2
f18ae0f5-b5bf-48d6-afb0-10a7c816c8fa	chr12	47726049	52946609	4	2	2
f18ae0f5-b5bf-48d6-afb0-10a7c816c8fa	chr12	52951046	54820381	5	3	2
f18ae0f5-b5bf-48d6-afb0-10a7c816c8fa	chr12	54820495	70708606	4	2	2
f18ae0f5-b5bf-48d6-afb0-10a7c816c8fa	chr12	70709613	70719589	1	1	0
f18ae0f5-b5bf-48d6-afb0-10a7c816c8fa	chr12	70720282	121167147	4	2	2
f18ae0f5-b5bf-48d6-afb0-10a7c816c8fa	chr12	121167271	121182342	7	4	3
f18ae0f5-b5bf-48d6-afb0-10a7c816c8fa	chr12	121182384	133201603	4	2	2
f18ae0f5-b5bf-48d6-afb0-10a7c816c8fa	chr13	18452809	19021274	3	2	1
f18ae0f5-b5bf-48d6-afb0-10a7c816c8fa	chr13	19022192	19031270	7	4	3
f18ae0f5-b5bf-48d6-afb0-10a7c816c8fa	chr13	19036189	22179954	3	2	1
f18ae0f5-b5bf-48d6-afb0-10a7c816c8fa	chr13	22179981	22196438	5	3	2
f18ae0f5-b5bf-48d6-afb0-10a7c816c8fa	chr13	22197162	31119641	3	2	1
f18ae0f5-b5bf-48d6-afb0-10a7c816c8fa	chr13	31119983	31125040	0	0	0
f18ae0f5-b5bf-48d6-afb0-10a7c816c8fa	chr13	31127670	114342922	3	2	1
f18ae0f5-b5bf-48d6-afb0-10a7c816c8fa	chr14	18239283	19908295	6	5	1
f18ae0f5-b5bf-48d6-afb0-10a7c816c8fa	chr14	19915423	22011908	2	1	1
f18ae0f5-b5bf-48d6-afb0-10a7c816c8fa	chr14	22012085	22431928	1	1	0
f18ae0f5-b5bf-48d6-afb0-10a7c816c8fa	chr14	22445002	65095500	2	1	1
f18ae0f5-b5bf-48d6-afb0-10a7c816c8fa	chr14	65095588	76952040	4	3	1
f18ae0f5-b5bf-48d6-afb0-10a7c816c8fa	chr14	76952193	78425237	5	4	1
f18ae0f5-b5bf-48d6-afb0-10a7c816c8fa	chr14	78430585	78567874	4	4	0
f18ae0f5-b5bf-48d6-afb0-10a7c816c8fa	chr14	78568154	79443683	5	4	1
f18ae0f5-b5bf-48d6-afb0-10a7c816c8fa	chr14	79443776	105433765	4	3	1
f18ae0f5-b5bf-48d6-afb0-10a7c816c8fa	chr14	105436866	105505543	5	3	2
f18ae0f5-b5bf-48d6-afb0-10a7c816c8fa	chr14	105505557	106877229	8	4	4
f18ae0f5-b5bf-48d6-afb0-10a7c816c8fa	chr15	19811075	67993116	2	1	1
f18ae0f5-b5bf-48d6-afb0-10a7c816c8fa	chr15	67996718	69455996	3	2	1
f18ae0f5-b5bf-48d6-afb0-10a7c816c8fa	chr15	69457921	70864547	5	4	1
f18ae0f5-b5bf-48d6-afb0-10a7c816c8fa	chr15	70865939	72499815	6	5	1
f18ae0f5-b5bf-48d6-afb0-10a7c816c8fa	chr15	72500479	73761040	3	2	1
f18ae0f5-b5bf-48d6-afb0-10a7c816c8fa	chr15	73761398	76558971	2	1	1
f18ae0f5-b5bf-48d6-afb0-10a7c816c8fa	chr15	76562769	78867586	4	3	1
f18ae0f5-b5bf-48d6-afb0-10a7c816c8fa	chr15	78871731	79407407	2	1	1
f18ae0f5-b5bf-48d6-afb0-10a7c816c8fa	chr15	79410853	81914089	3	2	1
f18ae0f5-b5bf-48d6-afb0-10a7c816c8fa	chr15	81915882	87275644	2	1	1
f18ae0f5-b5bf-48d6-afb0-10a7c816c8fa	chr15	87287299	87327270	0	0	0
f18ae0f5-b5bf-48d6-afb0-10a7c816c8fa	chr15	87327502	94770720	2	1	1
f18ae0f5-b5bf-48d6-afb0-10a7c816c8fa	chr15	94771226	101928837	3	2	1
f18ae0f5-b5bf-48d6-afb0-10a7c816c8fa	chr16	10777	36048855	2	1	1
f18ae0f5-b5bf-48d6-afb0-10a7c816c8fa	chr16	46441986	68176992	3	2	1
f18ae0f5-b5bf-48d6-afb0-10a7c816c8fa	chr16	68178221	71765550	2	1	1
f18ae0f5-b5bf-48d6-afb0-10a7c816c8fa	chr16	71765856	74252747	3	2	1
f18ae0f5-b5bf-48d6-afb0-10a7c816c8fa	chr16	74256742	89334521	2	1	1
f18ae0f5-b5bf-48d6-afb0-10a7c816c8fa	chr16	89335826	89502613	1	1	0
f18ae0f5-b5bf-48d6-afb0-10a7c816c8fa	chr16	89502807	90096867	2	1	1
f18ae0f5-b5bf-48d6-afb0-10a7c816c8fa	chr17	150733	1754026	1	1	0
f18ae0f5-b5bf-48d6-afb0-10a7c816c8fa	chr17	1756308	13984704	2	2	0
f18ae0f5-b5bf-48d6-afb0-10a7c816c8fa	chr17	13988904	14743915	3	3	0
f18ae0f5-b5bf-48d6-afb0-10a7c816c8fa	chr17	14744742	33341293	2	2	0
f18ae0f5-b5bf-48d6-afb0-10a7c816c8fa	chr17	33342525	33352174	6	5	1
f18ae0f5-b5bf-48d6-afb0-10a7c816c8fa	chr17	33353870	41723641	2	2	0
f18ae0f5-b5bf-48d6-afb0-10a7c816c8fa	chr17	41725478	46163620	3	3	0
f18ae0f5-b5bf-48d6-afb0-10a7c816c8fa	chr17	46164298	46274563	5	4	1
f18ae0f5-b5bf-48d6-afb0-10a7c816c8fa	chr17	46275506	48118104	5	5	0
f18ae0f5-b5bf-48d6-afb0-10a7c816c8fa	chr17	48127401	49191795	3	3	0
f18ae0f5-b5bf-48d6-afb0-10a7c816c8fa	chr17	49192747	52430232	5	5	0
f18ae0f5-b5bf-48d6-afb0-10a7c816c8fa	chr17	52436416	63088725	4	4	0
f18ae0f5-b5bf-48d6-afb0-10a7c816c8fa	chr17	63090190	66118795	6	6	0
f18ae0f5-b5bf-48d6-afb0-10a7c816c8fa	chr17	66120648	71476022	4	4	0
f18ae0f5-b5bf-48d6-afb0-10a7c816c8fa	chr17	71478809	73670759	3	3	0
f18ae0f5-b5bf-48d6-afb0-10a7c816c8fa	chr17	73671042	77652044	5	5	0
f18ae0f5-b5bf-48d6-afb0-10a7c816c8fa	chr17	77652156	83091923	3	3	0
f18ae0f5-b5bf-48d6-afb0-10a7c816c8fa	chr18	48133	1474761	3	2	1
f18ae0f5-b5bf-48d6-afb0-10a7c816c8fa	chr18	1475378	4077059	4	3	1
f18ae0f5-b5bf-48d6-afb0-10a7c816c8fa	chr18	4077273	15402409	3	2	1
f18ae0f5-b5bf-48d6-afb0-10a7c816c8fa	chr18	20949392	72759620	2	1	1
f18ae0f5-b5bf-48d6-afb0-10a7c816c8fa	chr18	72761318	72763217	3	2	1
f18ae0f5-b5bf-48d6-afb0-10a7c816c8fa	chr18	72763308	77171496	2	1	1
f18ae0f5-b5bf-48d6-afb0-10a7c816c8fa	chr18	77172918	77176313	0	0	0
f18ae0f5-b5bf-48d6-afb0-10a7c816c8fa	chr18	77176653	80257174	2	1	1
f18ae0f5-b5bf-48d6-afb0-10a7c816c8fa	chr19	90910	6427353	3	2	1
f18ae0f5-b5bf-48d6-afb0-10a7c816c8fa	chr19	6427658	8610229	4	2	2
f18ae0f5-b5bf-48d6-afb0-10a7c816c8fa	chr19	8614118	11880823	3	2	1
f18ae0f5-b5bf-48d6-afb0-10a7c816c8fa	chr19	11882230	13341844	5	3	2
f18ae0f5-b5bf-48d6-afb0-10a7c816c8fa	chr19	13342644	15146613	6	4	2
f18ae0f5-b5bf-48d6-afb0-10a7c816c8fa	chr19	15146660	21207850	4	2	2
f18ae0f5-b5bf-48d6-afb0-10a7c816c8fa	chr19	21207922	24304880	3	2	1
f18ae0f5-b5bf-48d6-afb0-10a7c816c8fa	chr19	24320970	28800455	6	4	2
f18ae0f5-b5bf-48d6-afb0-10a7c816c8fa	chr19	28803286	28860062	8	5	3
f18ae0f5-b5bf-48d6-afb0-10a7c816c8fa	chr19	28861192	28902039	4	2	2
f18ae0f5-b5bf-48d6-afb0-10a7c816c8fa	chr19	28902884	29011158	5	4	1
f18ae0f5-b5bf-48d6-afb0-10a7c816c8fa	chr19	29011981	29301404	9	7	2
f18ae0f5-b5bf-48d6-afb0-10a7c816c8fa	chr19	29302469	30411012	21	20	1
f18ae0f5-b5bf-48d6-afb0-10a7c816c8fa	chr19	30411479	35433610	8	6	2
f18ae0f5-b5bf-48d6-afb0-10a7c816c8fa	chr19	35435047	37238623	9	6	3
f18ae0f5-b5bf-48d6-afb0-10a7c816c8fa	chr19	37244820	38051382	22	19	3
f18ae0f5-b5bf-48d6-afb0-10a7c816c8fa	chr19	38052254	39672131	18	16	2
f18ae0f5-b5bf-48d6-afb0-10a7c816c8fa	chr19	39672601	40727573	12	9	3
f18ae0f5-b5bf-48d6-afb0-10a7c816c8fa	chr19	40734407	46517307	5	3	2
f18ae0f5-b5bf-48d6-afb0-10a7c816c8fa	chr19	46520153	58586487	4	2	2
f18ae0f5-b5bf-48d6-afb0-10a7c816c8fa	chr20	80664	4725219	3	2	1
f18ae0f5-b5bf-48d6-afb0-10a7c816c8fa	chr20	4726466	13280726	4	2	2
f18ae0f5-b5bf-48d6-afb0-10a7c816c8fa	chr20	13281262	18143935	3	2	1
f18ae0f5-b5bf-48d6-afb0-10a7c816c8fa	chr20	18143993	18273061	2	2	0
f18ae0f5-b5bf-48d6-afb0-10a7c816c8fa	chr20	18273166	30377631	3	2	1
f18ae0f5-b5bf-48d6-afb0-10a7c816c8fa	chr20	30381395	33105264	4	2	2
f18ae0f5-b5bf-48d6-afb0-10a7c816c8fa	chr20	33106766	35370377	6	4	2
f18ae0f5-b5bf-48d6-afb0-10a7c816c8fa	chr20	35370450	46294111	4	2	2
f18ae0f5-b5bf-48d6-afb0-10a7c816c8fa	chr20	46294270	46325070	9	5	4
f18ae0f5-b5bf-48d6-afb0-10a7c816c8fa	chr20	46325645	49605241	4	2	2
f18ae0f5-b5bf-48d6-afb0-10a7c816c8fa	chr20	49608197	52462615	5	3	2
f18ae0f5-b5bf-48d6-afb0-10a7c816c8fa	chr20	52462732	64324800	4	2	2
f18ae0f5-b5bf-48d6-afb0-10a7c816c8fa	chr21	12973348	17279271	4	2	2
f18ae0f5-b5bf-48d6-afb0-10a7c816c8fa	chr21	17279457	21709117	3	2	1
f18ae0f5-b5bf-48d6-afb0-10a7c816c8fa	chr21	21715110	28121160	5	3	2
f18ae0f5-b5bf-48d6-afb0-10a7c816c8fa	chr21	28124367	28187559	7	5	2
f18ae0f5-b5bf-48d6-afb0-10a7c816c8fa	chr21	28187746	33924132	6	3	3
f18ae0f5-b5bf-48d6-afb0-10a7c816c8fa	chr21	33935994	41233236	8	6	2
f18ae0f5-b5bf-48d6-afb0-10a7c816c8fa	chr21	41234597	46677045	2	2	0
f18ae0f5-b5bf-48d6-afb0-10a7c816c8fa	chr22	16392123	22479416	2	2	0
f18ae0f5-b5bf-48d6-afb0-10a7c816c8fa	chr22	22485078	22916445	4	4	0
f18ae0f5-b5bf-48d6-afb0-10a7c816c8fa	chr22	22916739	38947468	2	2	0
f18ae0f5-b5bf-48d6-afb0-10a7c816c8fa	chr22	38947852	39636859	3	3	0
f18ae0f5-b5bf-48d6-afb0-10a7c816c8fa	chr22	39637658	50796027	2	2	0
f18ae0f5-b5bf-48d6-afb0-10a7c816c8fa	chrX	251810	87523678	2	1	1
f18ae0f5-b5bf-48d6-afb0-10a7c816c8fa	chrX	87525348	88711519	1	1	0
f18ae0f5-b5bf-48d6-afb0-10a7c816c8fa	chrX	88711747	94340835	3	2	1
f18ae0f5-b5bf-48d6-afb0-10a7c816c8fa	chrX	94341096	94347841	0	0	0
f18ae0f5-b5bf-48d6-afb0-10a7c816c8fa	chrX	94347981	95141627	3	2	1
f18ae0f5-b5bf-48d6-afb0-10a7c816c8fa	chrX	95141864	95158595	6	3	3
f18ae0f5-b5bf-48d6-afb0-10a7c816c8fa	chrX	95159272	102020506	2	1	1
f18ae0f5-b5bf-48d6-afb0-10a7c816c8fa	chrX	102020624	102026980	5	3	2
f18ae0f5-b5bf-48d6-afb0-10a7c816c8fa	chrX	102027355	123155413	2	1	1
f18ae0f5-b5bf-48d6-afb0-10a7c816c8fa	chrX	123155468	123256685	1	1	0
f18ae0f5-b5bf-48d6-afb0-10a7c816c8fa	chrX	123256821	156004181	2	1	1
f18ae0f5-b5bf-48d6-afb0-10a7c816c8fa	chrY	2782397	26653788	0	0	0
f18ae0f5-b5bf-48d6-afb0-10a7c816c8fa	chrY	56872112	56872112	5	5	0
