GDC_Aliquot	Chromosome	Start	End	Copy_Number	Major_Copy_Number	Minor_Copy_Number
f17ead9c-d1d3-47fa-9f19-292fb6d9cbec	chr1	62920	8957032	4	2	2
f17ead9c-d1d3-47fa-9f19-292fb6d9cbec	chr1	8957145	17224106	3	2	1
f17ead9c-d1d3-47fa-9f19-292fb6d9cbec	chr1	17224510	17234131	6	4	2
f17ead9c-d1d3-47fa-9f19-292fb6d9cbec	chr1	17234477	21882371	3	2	1
f17ead9c-d1d3-47fa-9f19-292fb6d9cbec	chr1	21882508	22327057	2	1	1
f17ead9c-d1d3-47fa-9f19-292fb6d9cbec	chr1	22327382	44286158	3	2	1
f17ead9c-d1d3-47fa-9f19-292fb6d9cbec	chr1	44286841	44870639	4	3	1
f17ead9c-d1d3-47fa-9f19-292fb6d9cbec	chr1	44871422	121705338	3	2	1
f17ead9c-d1d3-47fa-9f19-292fb6d9cbec	chr1	143541857	152787202	4	3	1
f17ead9c-d1d3-47fa-9f19-292fb6d9cbec	chr1	152789447	152796224	0	0	0
f17ead9c-d1d3-47fa-9f19-292fb6d9cbec	chr1	152801429	160857458	4	3	1
f17ead9c-d1d3-47fa-9f19-292fb6d9cbec	chr1	160857589	161326344	5	4	1
f17ead9c-d1d3-47fa-9f19-292fb6d9cbec	chr1	161327306	175783601	4	3	1
f17ead9c-d1d3-47fa-9f19-292fb6d9cbec	chr1	175789935	175818138	8	6	2
f17ead9c-d1d3-47fa-9f19-292fb6d9cbec	chr1	175819321	198943668	4	3	1
f17ead9c-d1d3-47fa-9f19-292fb6d9cbec	chr1	198945732	211471233	3	2	1
f17ead9c-d1d3-47fa-9f19-292fb6d9cbec	chr1	211472922	214588015	4	3	1
f17ead9c-d1d3-47fa-9f19-292fb6d9cbec	chr1	214589001	214610919	6	5	1
f17ead9c-d1d3-47fa-9f19-292fb6d9cbec	chr1	214620470	230031835	4	3	1
f17ead9c-d1d3-47fa-9f19-292fb6d9cbec	chr1	230034577	230112203	3	3	0
f17ead9c-d1d3-47fa-9f19-292fb6d9cbec	chr1	230112992	248930189	4	3	1
f17ead9c-d1d3-47fa-9f19-292fb6d9cbec	chr2	12784	4818761	5	4	1
f17ead9c-d1d3-47fa-9f19-292fb6d9cbec	chr2	4818928	4915779	4	3	1
f17ead9c-d1d3-47fa-9f19-292fb6d9cbec	chr2	4915804	5670611	6	5	1
f17ead9c-d1d3-47fa-9f19-292fb6d9cbec	chr2	5671060	15373184	5	4	1
f17ead9c-d1d3-47fa-9f19-292fb6d9cbec	chr2	15373491	50148733	4	3	1
f17ead9c-d1d3-47fa-9f19-292fb6d9cbec	chr2	50149549	58332036	2	1	1
f17ead9c-d1d3-47fa-9f19-292fb6d9cbec	chr2	58332292	85737233	3	2	1
f17ead9c-d1d3-47fa-9f19-292fb6d9cbec	chr2	85737709	85793157	4	3	1
f17ead9c-d1d3-47fa-9f19-292fb6d9cbec	chr2	85793542	88834118	3	2	1
f17ead9c-d1d3-47fa-9f19-292fb6d9cbec	chr2	88836539	89118119	8	8	0
f17ead9c-d1d3-47fa-9f19-292fb6d9cbec	chr2	89119438	116368702	3	2	1
f17ead9c-d1d3-47fa-9f19-292fb6d9cbec	chr2	116372461	116502248	2	1	1
f17ead9c-d1d3-47fa-9f19-292fb6d9cbec	chr2	116504639	134454671	3	2	1
f17ead9c-d1d3-47fa-9f19-292fb6d9cbec	chr2	134454758	134458353	2	1	1
f17ead9c-d1d3-47fa-9f19-292fb6d9cbec	chr2	134458704	173039535	3	2	1
f17ead9c-d1d3-47fa-9f19-292fb6d9cbec	chr2	173040428	242147305	4	2	2
f17ead9c-d1d3-47fa-9f19-292fb6d9cbec	chr3	20930	43560168	2	2	0
f17ead9c-d1d3-47fa-9f19-292fb6d9cbec	chr3	43565371	77444670	1	1	0
f17ead9c-d1d3-47fa-9f19-292fb6d9cbec	chr3	77444690	77823508	2	1	1
f17ead9c-d1d3-47fa-9f19-292fb6d9cbec	chr3	77823728	84633693	1	1	0
f17ead9c-d1d3-47fa-9f19-292fb6d9cbec	chr3	84634677	84877493	2	2	0
f17ead9c-d1d3-47fa-9f19-292fb6d9cbec	chr3	84877618	89842618	1	1	0
f17ead9c-d1d3-47fa-9f19-292fb6d9cbec	chr3	89848673	89876272	9	6	3
f17ead9c-d1d3-47fa-9f19-292fb6d9cbec	chr3	89888419	103743581	5	3	2
f17ead9c-d1d3-47fa-9f19-292fb6d9cbec	chr3	103747490	103769987	7	4	3
f17ead9c-d1d3-47fa-9f19-292fb6d9cbec	chr3	103771975	162794951	5	3	2
f17ead9c-d1d3-47fa-9f19-292fb6d9cbec	chr3	162795304	162908207	1	1	0
f17ead9c-d1d3-47fa-9f19-292fb6d9cbec	chr3	162908784	198169247	5	3	2
f17ead9c-d1d3-47fa-9f19-292fb6d9cbec	chr4	68929	3261411	3	2	1
f17ead9c-d1d3-47fa-9f19-292fb6d9cbec	chr4	3262049	3266122	6	4	2
f17ead9c-d1d3-47fa-9f19-292fb6d9cbec	chr4	3267165	34777432	3	2	1
f17ead9c-d1d3-47fa-9f19-292fb6d9cbec	chr4	34784878	34823103	0	0	0
f17ead9c-d1d3-47fa-9f19-292fb6d9cbec	chr4	34828250	36862260	3	2	1
f17ead9c-d1d3-47fa-9f19-292fb6d9cbec	chr4	36866187	49656595	4	2	2
f17ead9c-d1d3-47fa-9f19-292fb6d9cbec	chr4	51819533	59136056	2	1	1
f17ead9c-d1d3-47fa-9f19-292fb6d9cbec	chr4	59136108	59139831	4	2	2
f17ead9c-d1d3-47fa-9f19-292fb6d9cbec	chr4	59139875	89178565	2	1	1
f17ead9c-d1d3-47fa-9f19-292fb6d9cbec	chr4	89178931	90249489	3	2	1
f17ead9c-d1d3-47fa-9f19-292fb6d9cbec	chr4	90249525	181573617	2	1	1
f17ead9c-d1d3-47fa-9f19-292fb6d9cbec	chr4	181576582	182248561	3	2	1
f17ead9c-d1d3-47fa-9f19-292fb6d9cbec	chr4	182250718	190106768	2	1	1
f17ead9c-d1d3-47fa-9f19-292fb6d9cbec	chr5	15532	1853910	5	3	2
f17ead9c-d1d3-47fa-9f19-292fb6d9cbec	chr5	1854536	16540633	4	2	2
f17ead9c-d1d3-47fa-9f19-292fb6d9cbec	chr5	16544421	21598411	5	3	2
f17ead9c-d1d3-47fa-9f19-292fb6d9cbec	chr5	21600514	21888452	3	2	1
f17ead9c-d1d3-47fa-9f19-292fb6d9cbec	chr5	21889379	29018762	5	3	2
f17ead9c-d1d3-47fa-9f19-292fb6d9cbec	chr5	29019297	39250339	4	2	2
f17ead9c-d1d3-47fa-9f19-292fb6d9cbec	chr5	39250397	39259379	7	4	3
f17ead9c-d1d3-47fa-9f19-292fb6d9cbec	chr5	39261411	42985163	4	2	2
f17ead9c-d1d3-47fa-9f19-292fb6d9cbec	chr5	42985268	50151472	5	3	2
f17ead9c-d1d3-47fa-9f19-292fb6d9cbec	chr5	50159802	58431152	2	2	0
f17ead9c-d1d3-47fa-9f19-292fb6d9cbec	chr5	58431353	59002533	3	3	0
f17ead9c-d1d3-47fa-9f19-292fb6d9cbec	chr5	59005784	63261343	2	2	0
f17ead9c-d1d3-47fa-9f19-292fb6d9cbec	chr5	63261938	63358751	1	1	0
f17ead9c-d1d3-47fa-9f19-292fb6d9cbec	chr5	63358979	181363319	2	2	0
f17ead9c-d1d3-47fa-9f19-292fb6d9cbec	chr6	149661	41336953	2	1	1
f17ead9c-d1d3-47fa-9f19-292fb6d9cbec	chr6	41337447	43254158	3	2	1
f17ead9c-d1d3-47fa-9f19-292fb6d9cbec	chr6	43254171	43267789	5	4	1
f17ead9c-d1d3-47fa-9f19-292fb6d9cbec	chr6	43268075	44865342	3	2	1
f17ead9c-d1d3-47fa-9f19-292fb6d9cbec	chr6	44866176	51295015	2	1	1
f17ead9c-d1d3-47fa-9f19-292fb6d9cbec	chr6	51295327	51299579	3	2	1
f17ead9c-d1d3-47fa-9f19-292fb6d9cbec	chr6	51299815	53184552	2	1	1
f17ead9c-d1d3-47fa-9f19-292fb6d9cbec	chr6	53189009	53214578	1	1	0
f17ead9c-d1d3-47fa-9f19-292fb6d9cbec	chr6	53220818	60351931	2	2	0
f17ead9c-d1d3-47fa-9f19-292fb6d9cbec	chr6	60352984	170741917	3	2	1
f17ead9c-d1d3-47fa-9f19-292fb6d9cbec	chr7	43259	785766	5	3	2
f17ead9c-d1d3-47fa-9f19-292fb6d9cbec	chr7	785857	80924634	4	2	2
f17ead9c-d1d3-47fa-9f19-292fb6d9cbec	chr7	80925683	85967696	5	3	2
f17ead9c-d1d3-47fa-9f19-292fb6d9cbec	chr7	85968741	108892661	4	2	2
f17ead9c-d1d3-47fa-9f19-292fb6d9cbec	chr7	108894137	159334314	3	2	1
f17ead9c-d1d3-47fa-9f19-292fb6d9cbec	chr8	81254	3846362	2	1	1
f17ead9c-d1d3-47fa-9f19-292fb6d9cbec	chr8	3848200	4644368	3	2	1
f17ead9c-d1d3-47fa-9f19-292fb6d9cbec	chr8	4644710	36861166	2	1	1
f17ead9c-d1d3-47fa-9f19-292fb6d9cbec	chr8	36863501	39621442	10	9	1
f17ead9c-d1d3-47fa-9f19-292fb6d9cbec	chr8	39622847	39763671	6	6	0
f17ead9c-d1d3-47fa-9f19-292fb6d9cbec	chr8	39764045	43014849	6	5	1
f17ead9c-d1d3-47fa-9f19-292fb6d9cbec	chr8	43018574	61239790	4	3	1
f17ead9c-d1d3-47fa-9f19-292fb6d9cbec	chr8	61240115	61266943	6	4	2
f17ead9c-d1d3-47fa-9f19-292fb6d9cbec	chr8	61267570	82370751	4	3	1
f17ead9c-d1d3-47fa-9f19-292fb6d9cbec	chr8	82374177	122255266	3	3	0
f17ead9c-d1d3-47fa-9f19-292fb6d9cbec	chr8	122258478	122270200	4	4	0
f17ead9c-d1d3-47fa-9f19-292fb6d9cbec	chr8	122279182	122930907	5	5	0
f17ead9c-d1d3-47fa-9f19-292fb6d9cbec	chr8	122934578	142124760	3	3	0
f17ead9c-d1d3-47fa-9f19-292fb6d9cbec	chr8	142125355	145072769	4	4	0
f17ead9c-d1d3-47fa-9f19-292fb6d9cbec	chr9	46587	1083372	3	2	1
f17ead9c-d1d3-47fa-9f19-292fb6d9cbec	chr9	1088864	21684723	5	3	2
f17ead9c-d1d3-47fa-9f19-292fb6d9cbec	chr9	21688239	26537486	6	4	2
f17ead9c-d1d3-47fa-9f19-292fb6d9cbec	chr9	26538370	41741113	4	2	2
f17ead9c-d1d3-47fa-9f19-292fb6d9cbec	chr9	60863881	81589417	3	2	1
f17ead9c-d1d3-47fa-9f19-292fb6d9cbec	chr9	81589485	81592964	5	4	1
f17ead9c-d1d3-47fa-9f19-292fb6d9cbec	chr9	81592983	105647119	3	2	1
f17ead9c-d1d3-47fa-9f19-292fb6d9cbec	chr9	105647333	105813493	4	3	1
f17ead9c-d1d3-47fa-9f19-292fb6d9cbec	chr9	105820675	138200944	3	2	1
f17ead9c-d1d3-47fa-9f19-292fb6d9cbec	chr10	45792	13645315	6	4	2
f17ead9c-d1d3-47fa-9f19-292fb6d9cbec	chr10	13647761	26009689	5	3	2
f17ead9c-d1d3-47fa-9f19-292fb6d9cbec	chr10	26009787	133654968	4	2	2
f17ead9c-d1d3-47fa-9f19-292fb6d9cbec	chr11	198510	17383786	3	3	0
f17ead9c-d1d3-47fa-9f19-292fb6d9cbec	chr11	17383800	17392788	5	5	0
f17ead9c-d1d3-47fa-9f19-292fb6d9cbec	chr11	17393091	22564199	3	3	0
f17ead9c-d1d3-47fa-9f19-292fb6d9cbec	chr11	22565353	22590105	2	2	0
f17ead9c-d1d3-47fa-9f19-292fb6d9cbec	chr11	22590215	36427962	3	3	0
f17ead9c-d1d3-47fa-9f19-292fb6d9cbec	chr11	36427990	36725753	4	4	0
f17ead9c-d1d3-47fa-9f19-292fb6d9cbec	chr11	36726328	40476294	3	3	0
f17ead9c-d1d3-47fa-9f19-292fb6d9cbec	chr11	40480553	42631890	4	3	1
f17ead9c-d1d3-47fa-9f19-292fb6d9cbec	chr11	42632233	43233074	3	3	0
f17ead9c-d1d3-47fa-9f19-292fb6d9cbec	chr11	43236356	43732175	4	3	1
f17ead9c-d1d3-47fa-9f19-292fb6d9cbec	chr11	43732369	50743447	3	3	0
f17ead9c-d1d3-47fa-9f19-292fb6d9cbec	chr11	50775865	80491832	2	1	1
f17ead9c-d1d3-47fa-9f19-292fb6d9cbec	chr11	80497905	80523067	1	1	0
f17ead9c-d1d3-47fa-9f19-292fb6d9cbec	chr11	80525528	135074876	2	1	1
f17ead9c-d1d3-47fa-9f19-292fb6d9cbec	chr12	51460	9477960	8	6	2
f17ead9c-d1d3-47fa-9f19-292fb6d9cbec	chr12	9481274	9582374	0	0	0
f17ead9c-d1d3-47fa-9f19-292fb6d9cbec	chr12	9583090	17366369	8	6	2
f17ead9c-d1d3-47fa-9f19-292fb6d9cbec	chr12	17366713	17768193	6	4	2
f17ead9c-d1d3-47fa-9f19-292fb6d9cbec	chr12	17768246	19571641	12	10	2
f17ead9c-d1d3-47fa-9f19-292fb6d9cbec	chr12	19575043	20094714	5	3	2
f17ead9c-d1d3-47fa-9f19-292fb6d9cbec	chr12	20100181	20126966	9	6	3
f17ead9c-d1d3-47fa-9f19-292fb6d9cbec	chr12	20127093	24055163	12	10	2
f17ead9c-d1d3-47fa-9f19-292fb6d9cbec	chr12	24055375	27084028	11	9	2
f17ead9c-d1d3-47fa-9f19-292fb6d9cbec	chr12	27084152	28140470	5	3	2
f17ead9c-d1d3-47fa-9f19-292fb6d9cbec	chr12	28142266	30773100	12	10	2
f17ead9c-d1d3-47fa-9f19-292fb6d9cbec	chr12	30774716	30899209	8	6	2
f17ead9c-d1d3-47fa-9f19-292fb6d9cbec	chr12	30899549	34701563	6	4	2
f17ead9c-d1d3-47fa-9f19-292fb6d9cbec	chr12	37463949	42498938	4	2	2
f17ead9c-d1d3-47fa-9f19-292fb6d9cbec	chr12	42499205	67242754	3	2	1
f17ead9c-d1d3-47fa-9f19-292fb6d9cbec	chr12	67250950	121643810	4	2	2
f17ead9c-d1d3-47fa-9f19-292fb6d9cbec	chr12	121645266	129975484	3	2	1
f17ead9c-d1d3-47fa-9f19-292fb6d9cbec	chr12	129976098	133201603	4	3	1
f17ead9c-d1d3-47fa-9f19-292fb6d9cbec	chr13	18452809	19589273	2	1	1
f17ead9c-d1d3-47fa-9f19-292fb6d9cbec	chr13	19589479	62853634	3	2	1
f17ead9c-d1d3-47fa-9f19-292fb6d9cbec	chr13	62854214	62937708	2	1	1
f17ead9c-d1d3-47fa-9f19-292fb6d9cbec	chr13	62938843	87336305	3	2	1
f17ead9c-d1d3-47fa-9f19-292fb6d9cbec	chr13	87338332	87663660	1	1	0
f17ead9c-d1d3-47fa-9f19-292fb6d9cbec	chr13	87673841	99585092	3	2	1
f17ead9c-d1d3-47fa-9f19-292fb6d9cbec	chr13	99585939	112610927	4	3	1
f17ead9c-d1d3-47fa-9f19-292fb6d9cbec	chr13	112611249	112659037	6	3	3
f17ead9c-d1d3-47fa-9f19-292fb6d9cbec	chr13	112661271	114342922	4	3	1
f17ead9c-d1d3-47fa-9f19-292fb6d9cbec	chr14	18239283	21668218	8	8	0
f17ead9c-d1d3-47fa-9f19-292fb6d9cbec	chr14	21668239	23660018	7	7	0
f17ead9c-d1d3-47fa-9f19-292fb6d9cbec	chr14	23664629	23668897	4	4	0
f17ead9c-d1d3-47fa-9f19-292fb6d9cbec	chr14	23669128	30556076	7	7	0
f17ead9c-d1d3-47fa-9f19-292fb6d9cbec	chr14	30561664	105862216	2	2	0
f17ead9c-d1d3-47fa-9f19-292fb6d9cbec	chr14	105862987	105974395	10	10	0
f17ead9c-d1d3-47fa-9f19-292fb6d9cbec	chr14	105981975	106462724	4	4	0
f17ead9c-d1d3-47fa-9f19-292fb6d9cbec	chr14	106475361	106877229	2	2	0
f17ead9c-d1d3-47fa-9f19-292fb6d9cbec	chr15	19811075	76598900	2	2	0
f17ead9c-d1d3-47fa-9f19-292fb6d9cbec	chr15	76599170	76603003	0	0	0
f17ead9c-d1d3-47fa-9f19-292fb6d9cbec	chr15	76603426	77789388	2	2	0
f17ead9c-d1d3-47fa-9f19-292fb6d9cbec	chr15	77790898	77804535	4	4	0
f17ead9c-d1d3-47fa-9f19-292fb6d9cbec	chr15	77805614	101928837	2	2	0
f17ead9c-d1d3-47fa-9f19-292fb6d9cbec	chr16	10777	3534499	2	1	1
f17ead9c-d1d3-47fa-9f19-292fb6d9cbec	chr16	3536230	4004689	1	1	0
f17ead9c-d1d3-47fa-9f19-292fb6d9cbec	chr16	4004981	31542860	2	1	1
f17ead9c-d1d3-47fa-9f19-292fb6d9cbec	chr16	31542972	48998960	3	2	1
f17ead9c-d1d3-47fa-9f19-292fb6d9cbec	chr16	48999414	83621201	2	1	1
f17ead9c-d1d3-47fa-9f19-292fb6d9cbec	chr16	83621351	83629750	4	2	2
f17ead9c-d1d3-47fa-9f19-292fb6d9cbec	chr16	83629946	90096867	2	1	1
f17ead9c-d1d3-47fa-9f19-292fb6d9cbec	chr17	150733	1561090	9	9	0
f17ead9c-d1d3-47fa-9f19-292fb6d9cbec	chr17	1564497	2855363	6	6	0
f17ead9c-d1d3-47fa-9f19-292fb6d9cbec	chr17	2863479	41461700	2	2	0
f17ead9c-d1d3-47fa-9f19-292fb6d9cbec	chr17	41461802	77752590	3	3	0
f17ead9c-d1d3-47fa-9f19-292fb6d9cbec	chr17	77754686	83091923	4	4	0
f17ead9c-d1d3-47fa-9f19-292fb6d9cbec	chr18	48133	4978906	3	2	1
f17ead9c-d1d3-47fa-9f19-292fb6d9cbec	chr18	4979613	4989684	1	1	0
f17ead9c-d1d3-47fa-9f19-292fb6d9cbec	chr18	4990805	8768373	3	2	1
f17ead9c-d1d3-47fa-9f19-292fb6d9cbec	chr18	8769265	15402409	1	1	0
f17ead9c-d1d3-47fa-9f19-292fb6d9cbec	chr18	20949392	37306932	2	1	1
f17ead9c-d1d3-47fa-9f19-292fb6d9cbec	chr18	37307236	37598423	3	2	1
f17ead9c-d1d3-47fa-9f19-292fb6d9cbec	chr18	37599607	80257174	2	1	1
f17ead9c-d1d3-47fa-9f19-292fb6d9cbec	chr19	90910	6146907	3	3	0
f17ead9c-d1d3-47fa-9f19-292fb6d9cbec	chr19	6147180	16814862	2	2	0
f17ead9c-d1d3-47fa-9f19-292fb6d9cbec	chr19	16821248	22170570	3	2	1
f17ead9c-d1d3-47fa-9f19-292fb6d9cbec	chr19	22172951	24400510	2	2	0
f17ead9c-d1d3-47fa-9f19-292fb6d9cbec	chr19	24413948	27757927	3	3	0
f17ead9c-d1d3-47fa-9f19-292fb6d9cbec	chr19	27758174	28316162	5	3	2
f17ead9c-d1d3-47fa-9f19-292fb6d9cbec	chr19	28317294	29334307	3	2	1
f17ead9c-d1d3-47fa-9f19-292fb6d9cbec	chr19	29339722	30347373	20	18	2
f17ead9c-d1d3-47fa-9f19-292fb6d9cbec	chr19	30349343	33774973	3	2	1
f17ead9c-d1d3-47fa-9f19-292fb6d9cbec	chr19	33775144	38552249	4	2	2
f17ead9c-d1d3-47fa-9f19-292fb6d9cbec	chr19	38552560	39278042	9	7	2
f17ead9c-d1d3-47fa-9f19-292fb6d9cbec	chr19	39279755	40051794	14	12	2
f17ead9c-d1d3-47fa-9f19-292fb6d9cbec	chr19	40059502	40632575	20	19	1
f17ead9c-d1d3-47fa-9f19-292fb6d9cbec	chr19	40638558	40819099	2	2	0
f17ead9c-d1d3-47fa-9f19-292fb6d9cbec	chr19	40823325	41501959	3	2	1
f17ead9c-d1d3-47fa-9f19-292fb6d9cbec	chr19	41517001	43409827	4	3	1
f17ead9c-d1d3-47fa-9f19-292fb6d9cbec	chr19	43410232	44362594	5	3	2
f17ead9c-d1d3-47fa-9f19-292fb6d9cbec	chr19	44364917	44855891	13	10	3
f17ead9c-d1d3-47fa-9f19-292fb6d9cbec	chr19	44862095	45204707	8	6	2
f17ead9c-d1d3-47fa-9f19-292fb6d9cbec	chr19	45219519	45482900	3	3	0
f17ead9c-d1d3-47fa-9f19-292fb6d9cbec	chr19	45483632	45636043	12	11	1
f17ead9c-d1d3-47fa-9f19-292fb6d9cbec	chr19	45646360	47775578	3	3	0
f17ead9c-d1d3-47fa-9f19-292fb6d9cbec	chr19	47775980	58586487	2	2	0
f17ead9c-d1d3-47fa-9f19-292fb6d9cbec	chr20	80664	14680226	3	2	1
f17ead9c-d1d3-47fa-9f19-292fb6d9cbec	chr20	14680298	20208216	2	1	1
f17ead9c-d1d3-47fa-9f19-292fb6d9cbec	chr20	20211955	20574814	1	1	0
f17ead9c-d1d3-47fa-9f19-292fb6d9cbec	chr20	20577102	23256734	2	1	1
f17ead9c-d1d3-47fa-9f19-292fb6d9cbec	chr20	23260332	26309285	1	1	0
f17ead9c-d1d3-47fa-9f19-292fb6d9cbec	chr20	26309289	53376881	6	5	1
f17ead9c-d1d3-47fa-9f19-292fb6d9cbec	chr20	53377035	53538813	4	3	1
f17ead9c-d1d3-47fa-9f19-292fb6d9cbec	chr20	53539809	61205941	6	5	1
f17ead9c-d1d3-47fa-9f19-292fb6d9cbec	chr20	61206427	64324800	7	6	1
f17ead9c-d1d3-47fa-9f19-292fb6d9cbec	chr21	12973348	14107357	3	2	1
f17ead9c-d1d3-47fa-9f19-292fb6d9cbec	chr21	14110284	30409371	2	1	1
f17ead9c-d1d3-47fa-9f19-292fb6d9cbec	chr21	30409906	30459702	3	2	1
f17ead9c-d1d3-47fa-9f19-292fb6d9cbec	chr21	30459738	46677045	2	1	1
f17ead9c-d1d3-47fa-9f19-292fb6d9cbec	chr22	16392123	50796027	2	2	0
f17ead9c-d1d3-47fa-9f19-292fb6d9cbec	chrX	251810	16184519	2	2	0
f17ead9c-d1d3-47fa-9f19-292fb6d9cbec	chrX	16185750	16225262	1	1	0
f17ead9c-d1d3-47fa-9f19-292fb6d9cbec	chrX	16227313	156004181	2	2	0
f17ead9c-d1d3-47fa-9f19-292fb6d9cbec	chrY	2782397	26653788	0	0	0
f17ead9c-d1d3-47fa-9f19-292fb6d9cbec	chrY	56872112	56872112	12	12	0
