GDC_Aliquot	Chromosome	Start	End	Copy_Number	Major_Copy_Number	Minor_Copy_Number
70af5fdb-fd28-4671-9532-38438ac83d75	chr1	62920	6256824	2	1	1
70af5fdb-fd28-4671-9532-38438ac83d75	chr1	6257061	15112759	3	2	1
70af5fdb-fd28-4671-9532-38438ac83d75	chr1	15121002	24040251	2	1	1
70af5fdb-fd28-4671-9532-38438ac83d75	chr1	24047397	24412572	3	2	1
70af5fdb-fd28-4671-9532-38438ac83d75	chr1	24417113	38202032	2	1	1
70af5fdb-fd28-4671-9532-38438ac83d75	chr1	38202628	39505603	3	2	1
70af5fdb-fd28-4671-9532-38438ac83d75	chr1	39509470	57933659	2	1	1
70af5fdb-fd28-4671-9532-38438ac83d75	chr1	57934492	60077773	3	2	1
70af5fdb-fd28-4671-9532-38438ac83d75	chr1	60078746	84759268	2	1	1
70af5fdb-fd28-4671-9532-38438ac83d75	chr1	84759927	84779235	3	2	1
70af5fdb-fd28-4671-9532-38438ac83d75	chr1	84780461	93932566	2	1	1
70af5fdb-fd28-4671-9532-38438ac83d75	chr1	93936707	94085785	3	2	1
70af5fdb-fd28-4671-9532-38438ac83d75	chr1	94085894	116923143	2	1	1
70af5fdb-fd28-4671-9532-38438ac83d75	chr1	116923621	117201273	3	2	1
70af5fdb-fd28-4671-9532-38438ac83d75	chr1	117204472	150422864	2	1	1
70af5fdb-fd28-4671-9532-38438ac83d75	chr1	150424098	150544880	3	2	1
70af5fdb-fd28-4671-9532-38438ac83d75	chr1	150546783	155369927	2	1	1
70af5fdb-fd28-4671-9532-38438ac83d75	chr1	155375252	155729327	4	4	0
70af5fdb-fd28-4671-9532-38438ac83d75	chr1	155734641	156278161	8	5	3
70af5fdb-fd28-4671-9532-38438ac83d75	chr1	156291463	156549918	5	3	2
70af5fdb-fd28-4671-9532-38438ac83d75	chr1	156551161	156728102	3	2	1
70af5fdb-fd28-4671-9532-38438ac83d75	chr1	156730859	171605589	2	1	1
70af5fdb-fd28-4671-9532-38438ac83d75	chr1	171605632	172218693	3	2	1
70af5fdb-fd28-4671-9532-38438ac83d75	chr1	172218922	172640281	4	3	1
70af5fdb-fd28-4671-9532-38438ac83d75	chr1	172644101	182344007	3	2	1
70af5fdb-fd28-4671-9532-38438ac83d75	chr1	182347270	182693900	5	4	1
70af5fdb-fd28-4671-9532-38438ac83d75	chr1	182695675	183816758	6	4	2
70af5fdb-fd28-4671-9532-38438ac83d75	chr1	183819333	184649888	4	3	1
70af5fdb-fd28-4671-9532-38438ac83d75	chr1	184650779	201708599	3	2	1
70af5fdb-fd28-4671-9532-38438ac83d75	chr1	201709076	201972821	5	4	1
70af5fdb-fd28-4671-9532-38438ac83d75	chr1	201974223	202334479	7	6	1
70af5fdb-fd28-4671-9532-38438ac83d75	chr1	202335740	204389539	4	3	1
70af5fdb-fd28-4671-9532-38438ac83d75	chr1	204389868	207192627	5	4	1
70af5fdb-fd28-4671-9532-38438ac83d75	chr1	207193477	214421057	3	2	1
70af5fdb-fd28-4671-9532-38438ac83d75	chr1	214425282	214831804	4	3	1
70af5fdb-fd28-4671-9532-38438ac83d75	chr1	214831937	227952759	3	2	1
70af5fdb-fd28-4671-9532-38438ac83d75	chr1	227952817	248930189	4	3	1
70af5fdb-fd28-4671-9532-38438ac83d75	chr2	12784	11715586	3	2	1
70af5fdb-fd28-4671-9532-38438ac83d75	chr2	11715683	12002972	4	3	1
70af5fdb-fd28-4671-9532-38438ac83d75	chr2	12003276	29896356	3	2	1
70af5fdb-fd28-4671-9532-38438ac83d75	chr2	29896907	30714999	4	2	2
70af5fdb-fd28-4671-9532-38438ac83d75	chr2	30717360	42562085	3	2	1
70af5fdb-fd28-4671-9532-38438ac83d75	chr2	42570279	43748173	4	3	1
70af5fdb-fd28-4671-9532-38438ac83d75	chr2	43749124	101343226	3	2	1
70af5fdb-fd28-4671-9532-38438ac83d75	chr2	101345489	102998457	5	4	1
70af5fdb-fd28-4671-9532-38438ac83d75	chr2	102999081	113269305	3	2	1
70af5fdb-fd28-4671-9532-38438ac83d75	chr2	113269882	113536414	6	4	2
70af5fdb-fd28-4671-9532-38438ac83d75	chr2	113551712	113626776	5	5	0
70af5fdb-fd28-4671-9532-38438ac83d75	chr2	113631886	118474972	3	2	1
70af5fdb-fd28-4671-9532-38438ac83d75	chr2	118477760	118609979	4	3	1
70af5fdb-fd28-4671-9532-38438ac83d75	chr2	118610734	171410817	3	2	1
70af5fdb-fd28-4671-9532-38438ac83d75	chr2	171414441	171801886	4	2	2
70af5fdb-fd28-4671-9532-38438ac83d75	chr2	171802866	174814220	3	2	1
70af5fdb-fd28-4671-9532-38438ac83d75	chr2	174826571	177405279	4	2	2
70af5fdb-fd28-4671-9532-38438ac83d75	chr2	177405667	179110158	3	2	1
70af5fdb-fd28-4671-9532-38438ac83d75	chr2	179115203	188799236	2	2	0
70af5fdb-fd28-4671-9532-38438ac83d75	chr2	188799276	188851608	1	1	0
70af5fdb-fd28-4671-9532-38438ac83d75	chr2	188853980	191430286	3	3	0
70af5fdb-fd28-4671-9532-38438ac83d75	chr2	191431729	212409167	2	2	0
70af5fdb-fd28-4671-9532-38438ac83d75	chr2	212409381	212597117	3	3	0
70af5fdb-fd28-4671-9532-38438ac83d75	chr2	212597242	234948867	2	2	0
70af5fdb-fd28-4671-9532-38438ac83d75	chr2	234950509	235743479	3	3	0
70af5fdb-fd28-4671-9532-38438ac83d75	chr2	235745824	242147305	2	2	0
70af5fdb-fd28-4671-9532-38438ac83d75	chr3	20930	7842834	1	1	0
70af5fdb-fd28-4671-9532-38438ac83d75	chr3	7843111	7854180	0	0	0
70af5fdb-fd28-4671-9532-38438ac83d75	chr3	7854805	7978887	1	1	0
70af5fdb-fd28-4671-9532-38438ac83d75	chr3	7980819	10025497	2	2	0
70af5fdb-fd28-4671-9532-38438ac83d75	chr3	10028991	48269527	1	1	0
70af5fdb-fd28-4671-9532-38438ac83d75	chr3	48274287	57352139	2	1	1
70af5fdb-fd28-4671-9532-38438ac83d75	chr3	57402387	57831488	4	3	1
70af5fdb-fd28-4671-9532-38438ac83d75	chr3	57836681	58641895	5	4	1
70af5fdb-fd28-4671-9532-38438ac83d75	chr3	58642339	58646571	3	3	0
70af5fdb-fd28-4671-9532-38438ac83d75	chr3	58647534	58662362	5	3	2
70af5fdb-fd28-4671-9532-38438ac83d75	chr3	58662828	66080964	3	2	1
70af5fdb-fd28-4671-9532-38438ac83d75	chr3	66094019	66808137	5	3	2
70af5fdb-fd28-4671-9532-38438ac83d75	chr3	66808746	67556151	4	2	2
70af5fdb-fd28-4671-9532-38438ac83d75	chr3	67557925	79479910	3	2	1
70af5fdb-fd28-4671-9532-38438ac83d75	chr3	79483637	79581214	4	3	1
70af5fdb-fd28-4671-9532-38438ac83d75	chr3	79581468	86204955	3	2	1
70af5fdb-fd28-4671-9532-38438ac83d75	chr3	86205091	87252113	5	4	1
70af5fdb-fd28-4671-9532-38438ac83d75	chr3	87253071	87336066	9	7	2
70af5fdb-fd28-4671-9532-38438ac83d75	chr3	87336879	87393057	10	9	1
70af5fdb-fd28-4671-9532-38438ac83d75	chr3	87395957	99822289	3	2	1
70af5fdb-fd28-4671-9532-38438ac83d75	chr3	99825536	107130861	4	2	2
70af5fdb-fd28-4671-9532-38438ac83d75	chr3	107131574	107526779	6	4	2
70af5fdb-fd28-4671-9532-38438ac83d75	chr3	107527938	108028825	8	6	2
70af5fdb-fd28-4671-9532-38438ac83d75	chr3	108029293	108542818	5	3	2
70af5fdb-fd28-4671-9532-38438ac83d75	chr3	108543405	117211469	3	2	1
70af5fdb-fd28-4671-9532-38438ac83d75	chr3	117214340	117776349	2	2	0
70af5fdb-fd28-4671-9532-38438ac83d75	chr3	117777248	124120616	3	2	1
70af5fdb-fd28-4671-9532-38438ac83d75	chr3	124122862	124568665	4	3	1
70af5fdb-fd28-4671-9532-38438ac83d75	chr3	124571459	130044016	3	2	1
70af5fdb-fd28-4671-9532-38438ac83d75	chr3	130044855	130070627	0	0	0
70af5fdb-fd28-4671-9532-38438ac83d75	chr3	130070692	132007981	3	2	1
70af5fdb-fd28-4671-9532-38438ac83d75	chr3	132011149	132483887	4	2	2
70af5fdb-fd28-4671-9532-38438ac83d75	chr3	132484621	151204118	3	2	1
70af5fdb-fd28-4671-9532-38438ac83d75	chr3	151204851	151552947	4	2	2
70af5fdb-fd28-4671-9532-38438ac83d75	chr3	151555198	152711312	5	3	2
70af5fdb-fd28-4671-9532-38438ac83d75	chr3	152717141	198169247	3	2	1
70af5fdb-fd28-4671-9532-38438ac83d75	chr4	68929	1133734	1	1	0
70af5fdb-fd28-4671-9532-38438ac83d75	chr4	1135137	3025766	3	3	0
70af5fdb-fd28-4671-9532-38438ac83d75	chr4	3026170	4903483	4	4	0
70af5fdb-fd28-4671-9532-38438ac83d75	chr4	4904098	5689472	3	3	0
70af5fdb-fd28-4671-9532-38438ac83d75	chr4	5689593	10232642	2	2	0
70af5fdb-fd28-4671-9532-38438ac83d75	chr4	10232984	10237673	3	3	0
70af5fdb-fd28-4671-9532-38438ac83d75	chr4	10239039	25333599	2	2	0
70af5fdb-fd28-4671-9532-38438ac83d75	chr4	25338874	25623509	3	3	0
70af5fdb-fd28-4671-9532-38438ac83d75	chr4	25623528	42002356	2	2	0
70af5fdb-fd28-4671-9532-38438ac83d75	chr4	42005186	42021531	3	3	0
70af5fdb-fd28-4671-9532-38438ac83d75	chr4	42023267	65879432	2	2	0
70af5fdb-fd28-4671-9532-38438ac83d75	chr4	65880148	65889542	3	3	0
70af5fdb-fd28-4671-9532-38438ac83d75	chr4	65891748	83229392	2	2	0
70af5fdb-fd28-4671-9532-38438ac83d75	chr4	83229939	83260134	1	1	0
70af5fdb-fd28-4671-9532-38438ac83d75	chr4	83264308	100569493	2	2	0
70af5fdb-fd28-4671-9532-38438ac83d75	chr4	100569750	100602176	1	1	0
70af5fdb-fd28-4671-9532-38438ac83d75	chr4	100602499	131029227	2	2	0
70af5fdb-fd28-4671-9532-38438ac83d75	chr4	131040298	131440551	5	5	0
70af5fdb-fd28-4671-9532-38438ac83d75	chr4	131443017	139263612	2	2	0
70af5fdb-fd28-4671-9532-38438ac83d75	chr4	139267301	143942046	3	3	0
70af5fdb-fd28-4671-9532-38438ac83d75	chr4	143955520	146066328	2	2	0
70af5fdb-fd28-4671-9532-38438ac83d75	chr4	146066348	146172628	1	1	0
70af5fdb-fd28-4671-9532-38438ac83d75	chr4	146178965	161025320	2	2	0
70af5fdb-fd28-4671-9532-38438ac83d75	chr4	161025473	161085672	5	5	0
70af5fdb-fd28-4671-9532-38438ac83d75	chr4	161087245	171218682	2	2	0
70af5fdb-fd28-4671-9532-38438ac83d75	chr4	171218947	171225117	1	1	0
70af5fdb-fd28-4671-9532-38438ac83d75	chr4	171226326	190106768	2	2	0
70af5fdb-fd28-4671-9532-38438ac83d75	chr5	15532	52474265	3	2	1
70af5fdb-fd28-4671-9532-38438ac83d75	chr5	52480483	52945542	2	1	1
70af5fdb-fd28-4671-9532-38438ac83d75	chr5	52946203	95899812	1	1	0
70af5fdb-fd28-4671-9532-38438ac83d75	chr5	95900711	95915430	0	0	0
70af5fdb-fd28-4671-9532-38438ac83d75	chr5	95915534	125255339	1	1	0
70af5fdb-fd28-4671-9532-38438ac83d75	chr5	125255837	160920605	2	2	0
70af5fdb-fd28-4671-9532-38438ac83d75	chr5	160920647	160933105	1	1	0
70af5fdb-fd28-4671-9532-38438ac83d75	chr5	160933376	181363319	2	2	0
70af5fdb-fd28-4671-9532-38438ac83d75	chr6	149661	11797767	3	3	0
70af5fdb-fd28-4671-9532-38438ac83d75	chr6	11798181	16974390	2	2	0
70af5fdb-fd28-4671-9532-38438ac83d75	chr6	16974472	17638934	3	3	0
70af5fdb-fd28-4671-9532-38438ac83d75	chr6	17639519	22187625	4	4	0
70af5fdb-fd28-4671-9532-38438ac83d75	chr6	22187660	22425867	5	5	0
70af5fdb-fd28-4671-9532-38438ac83d75	chr6	22425932	24990438	4	4	0
70af5fdb-fd28-4671-9532-38438ac83d75	chr6	24990558	36661667	3	3	0
70af5fdb-fd28-4671-9532-38438ac83d75	chr6	36662822	37910276	4	4	0
70af5fdb-fd28-4671-9532-38438ac83d75	chr6	37915004	47761314	2	2	0
70af5fdb-fd28-4671-9532-38438ac83d75	chr6	47764442	48733376	3	3	0
70af5fdb-fd28-4671-9532-38438ac83d75	chr6	48735486	54684422	2	2	0
70af5fdb-fd28-4671-9532-38438ac83d75	chr6	54689284	54777930	3	3	0
70af5fdb-fd28-4671-9532-38438ac83d75	chr6	54783094	58416362	2	2	0
70af5fdb-fd28-4671-9532-38438ac83d75	chr6	58432750	75236482	1	1	0
70af5fdb-fd28-4671-9532-38438ac83d75	chr6	75242313	75349987	2	2	0
70af5fdb-fd28-4671-9532-38438ac83d75	chr6	75350337	75373035	3	3	0
70af5fdb-fd28-4671-9532-38438ac83d75	chr6	75375764	79895532	1	1	0
70af5fdb-fd28-4671-9532-38438ac83d75	chr6	79895976	79905549	0	0	0
70af5fdb-fd28-4671-9532-38438ac83d75	chr6	79905747	110073703	1	1	0
70af5fdb-fd28-4671-9532-38438ac83d75	chr6	110074988	110078860	0	0	0
70af5fdb-fd28-4671-9532-38438ac83d75	chr6	110079457	130911295	1	1	0
70af5fdb-fd28-4671-9532-38438ac83d75	chr6	130912327	131721294	2	2	0
70af5fdb-fd28-4671-9532-38438ac83d75	chr6	131723056	137271924	1	1	0
70af5fdb-fd28-4671-9532-38438ac83d75	chr6	137276699	138864412	3	3	0
70af5fdb-fd28-4671-9532-38438ac83d75	chr6	138864560	138921046	4	4	0
70af5fdb-fd28-4671-9532-38438ac83d75	chr6	138926418	151996917	2	2	0
70af5fdb-fd28-4671-9532-38438ac83d75	chr6	151998974	152374490	4	4	0
70af5fdb-fd28-4671-9532-38438ac83d75	chr6	152376571	170741917	2	2	0
70af5fdb-fd28-4671-9532-38438ac83d75	chr7	43259	672459	3	2	1
70af5fdb-fd28-4671-9532-38438ac83d75	chr7	672565	16116907	2	1	1
70af5fdb-fd28-4671-9532-38438ac83d75	chr7	16121723	16302357	3	2	1
70af5fdb-fd28-4671-9532-38438ac83d75	chr7	16303204	32144422	2	1	1
70af5fdb-fd28-4671-9532-38438ac83d75	chr7	32147094	32328038	3	2	1
70af5fdb-fd28-4671-9532-38438ac83d75	chr7	32329941	73378434	2	1	1
70af5fdb-fd28-4671-9532-38438ac83d75	chr7	73381404	88738641	3	2	1
70af5fdb-fd28-4671-9532-38438ac83d75	chr7	88738903	88750169	2	1	1
70af5fdb-fd28-4671-9532-38438ac83d75	chr7	88750192	110828932	3	2	1
70af5fdb-fd28-4671-9532-38438ac83d75	chr7	110829093	112467403	5	4	1
70af5fdb-fd28-4671-9532-38438ac83d75	chr7	112468373	112492667	8	6	2
70af5fdb-fd28-4671-9532-38438ac83d75	chr7	112495152	112739550	4	3	1
70af5fdb-fd28-4671-9532-38438ac83d75	chr7	112740090	130287614	3	2	1
70af5fdb-fd28-4671-9532-38438ac83d75	chr7	130289250	159334314	2	1	1
70af5fdb-fd28-4671-9532-38438ac83d75	chr8	81254	5700524	1	1	0
70af5fdb-fd28-4671-9532-38438ac83d75	chr8	5702014	6246072	2	2	0
70af5fdb-fd28-4671-9532-38438ac83d75	chr8	6246392	6247540	3	3	0
70af5fdb-fd28-4671-9532-38438ac83d75	chr8	6247583	12693259	2	2	0
70af5fdb-fd28-4671-9532-38438ac83d75	chr8	12693626	27467305	1	1	0
70af5fdb-fd28-4671-9532-38438ac83d75	chr8	27467327	27702803	2	2	0
70af5fdb-fd28-4671-9532-38438ac83d75	chr8	27704694	37846796	1	1	0
70af5fdb-fd28-4671-9532-38438ac83d75	chr8	37858784	49240389	3	2	1
70af5fdb-fd28-4671-9532-38438ac83d75	chr8	49240553	50362374	4	3	1
70af5fdb-fd28-4671-9532-38438ac83d75	chr8	50366356	50480504	6	3	3
70af5fdb-fd28-4671-9532-38438ac83d75	chr8	50482090	52576485	4	3	1
70af5fdb-fd28-4671-9532-38438ac83d75	chr8	52577054	55026253	5	4	1
70af5fdb-fd28-4671-9532-38438ac83d75	chr8	55028530	87848621	3	2	1
70af5fdb-fd28-4671-9532-38438ac83d75	chr8	87848948	87985812	5	3	2
70af5fdb-fd28-4671-9532-38438ac83d75	chr8	88001073	100214215	3	2	1
70af5fdb-fd28-4671-9532-38438ac83d75	chr8	100215854	100236135	2	1	1
70af5fdb-fd28-4671-9532-38438ac83d75	chr8	100238156	101463960	5	4	1
70af5fdb-fd28-4671-9532-38438ac83d75	chr8	101466782	101737198	4	3	1
70af5fdb-fd28-4671-9532-38438ac83d75	chr8	101737340	104634142	3	3	0
70af5fdb-fd28-4671-9532-38438ac83d75	chr8	104634592	104701012	4	4	0
70af5fdb-fd28-4671-9532-38438ac83d75	chr8	104701122	109268975	3	3	0
70af5fdb-fd28-4671-9532-38438ac83d75	chr8	109273040	109853492	1	1	0
70af5fdb-fd28-4671-9532-38438ac83d75	chr8	109855374	118106019	3	3	0
70af5fdb-fd28-4671-9532-38438ac83d75	chr8	118107619	118480726	6	6	0
70af5fdb-fd28-4671-9532-38438ac83d75	chr8	118480743	120682410	7	7	0
70af5fdb-fd28-4671-9532-38438ac83d75	chr8	120682675	121193867	5	5	0
70af5fdb-fd28-4671-9532-38438ac83d75	chr8	121194808	121266603	3	3	0
70af5fdb-fd28-4671-9532-38438ac83d75	chr8	121267958	121913938	5	5	0
70af5fdb-fd28-4671-9532-38438ac83d75	chr8	121917314	145072769	3	3	0
70af5fdb-fd28-4671-9532-38438ac83d75	chr9	46587	15706709	3	2	1
70af5fdb-fd28-4671-9532-38438ac83d75	chr9	15711236	16757043	4	3	1
70af5fdb-fd28-4671-9532-38438ac83d75	chr9	16757118	23178442	3	2	1
70af5fdb-fd28-4671-9532-38438ac83d75	chr9	23179001	23327227	4	3	1
70af5fdb-fd28-4671-9532-38438ac83d75	chr9	23327657	29269001	3	2	1
70af5fdb-fd28-4671-9532-38438ac83d75	chr9	29269154	29569573	4	3	1
70af5fdb-fd28-4671-9532-38438ac83d75	chr9	29570249	32898594	3	2	1
70af5fdb-fd28-4671-9532-38438ac83d75	chr9	32898765	34051180	4	3	1
70af5fdb-fd28-4671-9532-38438ac83d75	chr9	34055935	41741113	3	2	1
70af5fdb-fd28-4671-9532-38438ac83d75	chr9	60863881	61557822	6	6	0
70af5fdb-fd28-4671-9532-38438ac83d75	chr9	61561095	61647899	8	8	0
70af5fdb-fd28-4671-9532-38438ac83d75	chr9	61665362	94713114	2	2	0
70af5fdb-fd28-4671-9532-38438ac83d75	chr9	94715511	95126756	3	3	0
70af5fdb-fd28-4671-9532-38438ac83d75	chr9	95127451	104554359	2	2	0
70af5fdb-fd28-4671-9532-38438ac83d75	chr9	104562688	104796702	3	3	0
70af5fdb-fd28-4671-9532-38438ac83d75	chr9	104796778	119905793	2	2	0
70af5fdb-fd28-4671-9532-38438ac83d75	chr9	119907344	121623286	3	3	0
70af5fdb-fd28-4671-9532-38438ac83d75	chr9	121623900	122428465	2	2	0
70af5fdb-fd28-4671-9532-38438ac83d75	chr9	122429761	122468813	3	3	0
70af5fdb-fd28-4671-9532-38438ac83d75	chr9	122473947	129122523	2	2	0
70af5fdb-fd28-4671-9532-38438ac83d75	chr9	129123048	129687686	4	4	0
70af5fdb-fd28-4671-9532-38438ac83d75	chr9	129690057	135852427	2	2	0
70af5fdb-fd28-4671-9532-38438ac83d75	chr9	135852481	137339957	4	4	0
70af5fdb-fd28-4671-9532-38438ac83d75	chr9	137356366	138200944	2	2	0
70af5fdb-fd28-4671-9532-38438ac83d75	chr10	45792	1880102	2	2	0
70af5fdb-fd28-4671-9532-38438ac83d75	chr10	1880921	2135839	3	3	0
70af5fdb-fd28-4671-9532-38438ac83d75	chr10	2136274	23892551	2	2	0
70af5fdb-fd28-4671-9532-38438ac83d75	chr10	23898194	24018390	4	4	0
70af5fdb-fd28-4671-9532-38438ac83d75	chr10	24020350	24324861	3	3	0
70af5fdb-fd28-4671-9532-38438ac83d75	chr10	24325386	36738392	2	2	0
70af5fdb-fd28-4671-9532-38438ac83d75	chr10	36739632	36766145	3	3	0
70af5fdb-fd28-4671-9532-38438ac83d75	chr10	36767174	59692700	2	2	0
70af5fdb-fd28-4671-9532-38438ac83d75	chr10	59692994	60112684	3	3	0
70af5fdb-fd28-4671-9532-38438ac83d75	chr10	60114878	66313623	2	2	0
70af5fdb-fd28-4671-9532-38438ac83d75	chr10	66317834	66349580	0	0	0
70af5fdb-fd28-4671-9532-38438ac83d75	chr10	66362774	71231338	2	2	0
70af5fdb-fd28-4671-9532-38438ac83d75	chr10	71231615	71556183	3	3	0
70af5fdb-fd28-4671-9532-38438ac83d75	chr10	71556749	73901965	2	2	0
70af5fdb-fd28-4671-9532-38438ac83d75	chr10	73902592	76900800	3	3	0
70af5fdb-fd28-4671-9532-38438ac83d75	chr10	76901251	77461714	4	4	0
70af5fdb-fd28-4671-9532-38438ac83d75	chr10	77463496	77825189	7	7	0
70af5fdb-fd28-4671-9532-38438ac83d75	chr10	77827041	78500536	4	4	0
70af5fdb-fd28-4671-9532-38438ac83d75	chr10	78500659	100356017	3	3	0
70af5fdb-fd28-4671-9532-38438ac83d75	chr10	100357450	100627530	4	4	0
70af5fdb-fd28-4671-9532-38438ac83d75	chr10	100631323	133654968	3	3	0
70af5fdb-fd28-4671-9532-38438ac83d75	chr11	198510	4946420	2	1	1
70af5fdb-fd28-4671-9532-38438ac83d75	chr11	4947280	4955042	0	0	0
70af5fdb-fd28-4671-9532-38438ac83d75	chr11	4955781	5447672	2	1	1
70af5fdb-fd28-4671-9532-38438ac83d75	chr11	5451505	5607989	3	2	1
70af5fdb-fd28-4671-9532-38438ac83d75	chr11	5608095	60929200	2	1	1
70af5fdb-fd28-4671-9532-38438ac83d75	chr11	60929456	60933111	3	2	1
70af5fdb-fd28-4671-9532-38438ac83d75	chr11	60935604	70306601	2	1	1
70af5fdb-fd28-4671-9532-38438ac83d75	chr11	70309561	72624866	3	2	1
70af5fdb-fd28-4671-9532-38438ac83d75	chr11	72625520	72882483	4	3	1
70af5fdb-fd28-4671-9532-38438ac83d75	chr11	72883271	78690580	3	2	1
70af5fdb-fd28-4671-9532-38438ac83d75	chr11	78691194	83464704	2	1	1
70af5fdb-fd28-4671-9532-38438ac83d75	chr11	83464736	83476851	1	1	0
70af5fdb-fd28-4671-9532-38438ac83d75	chr11	83477154	97931704	2	1	1
70af5fdb-fd28-4671-9532-38438ac83d75	chr11	97932101	98048393	3	2	1
70af5fdb-fd28-4671-9532-38438ac83d75	chr11	98053399	101498721	2	1	1
70af5fdb-fd28-4671-9532-38438ac83d75	chr11	101499108	101502174	4	2	2
70af5fdb-fd28-4671-9532-38438ac83d75	chr11	101502362	102295585	2	1	1
70af5fdb-fd28-4671-9532-38438ac83d75	chr11	102296840	103449175	3	2	1
70af5fdb-fd28-4671-9532-38438ac83d75	chr11	103449302	128495968	2	1	1
70af5fdb-fd28-4671-9532-38438ac83d75	chr11	128499702	130026680	3	2	1
70af5fdb-fd28-4671-9532-38438ac83d75	chr11	130027660	130200649	4	3	1
70af5fdb-fd28-4671-9532-38438ac83d75	chr11	130201004	130797832	3	2	1
70af5fdb-fd28-4671-9532-38438ac83d75	chr11	130798270	135074876	2	1	1
70af5fdb-fd28-4671-9532-38438ac83d75	chr12	51460	5733725	3	3	0
70af5fdb-fd28-4671-9532-38438ac83d75	chr12	5733835	6489309	5	5	0
70af5fdb-fd28-4671-9532-38438ac83d75	chr12	6489732	7494326	6	6	0
70af5fdb-fd28-4671-9532-38438ac83d75	chr12	7497389	9461319	3	3	0
70af5fdb-fd28-4671-9532-38438ac83d75	chr12	9461425	9587731	1	1	0
70af5fdb-fd28-4671-9532-38438ac83d75	chr12	9587750	32236049	3	3	0
70af5fdb-fd28-4671-9532-38438ac83d75	chr12	32239577	52701155	2	2	0
70af5fdb-fd28-4671-9532-38438ac83d75	chr12	52703407	53118660	3	3	0
70af5fdb-fd28-4671-9532-38438ac83d75	chr12	53119364	68411752	2	2	0
70af5fdb-fd28-4671-9532-38438ac83d75	chr12	68411854	70680950	3	3	0
70af5fdb-fd28-4671-9532-38438ac83d75	chr12	70684355	133201603	2	2	0
70af5fdb-fd28-4671-9532-38438ac83d75	chr13	18452809	103532060	2	1	1
70af5fdb-fd28-4671-9532-38438ac83d75	chr13	103533585	104114161	4	3	1
70af5fdb-fd28-4671-9532-38438ac83d75	chr13	104114824	114342922	3	2	1
70af5fdb-fd28-4671-9532-38438ac83d75	chr14	18239283	20054410	3	3	0
70af5fdb-fd28-4671-9532-38438ac83d75	chr14	20054562	22632004	2	2	0
70af5fdb-fd28-4671-9532-38438ac83d75	chr14	22633534	22853404	3	3	0
70af5fdb-fd28-4671-9532-38438ac83d75	chr14	22860237	55317675	2	2	0
70af5fdb-fd28-4671-9532-38438ac83d75	chr14	55318019	56547806	3	3	0
70af5fdb-fd28-4671-9532-38438ac83d75	chr14	56548215	103954474	2	2	0
70af5fdb-fd28-4671-9532-38438ac83d75	chr14	103959273	104771343	3	3	0
70af5fdb-fd28-4671-9532-38438ac83d75	chr14	104793369	105862216	2	2	0
70af5fdb-fd28-4671-9532-38438ac83d75	chr14	105862987	106215929	5	5	0
70af5fdb-fd28-4671-9532-38438ac83d75	chr14	106216809	106877229	1	1	0
70af5fdb-fd28-4671-9532-38438ac83d75	chr15	19811075	39574148	1	1	0
70af5fdb-fd28-4671-9532-38438ac83d75	chr15	39575306	42342114	2	2	0
70af5fdb-fd28-4671-9532-38438ac83d75	chr15	42343410	54437305	1	1	0
70af5fdb-fd28-4671-9532-38438ac83d75	chr15	54437784	90820073	2	1	1
70af5fdb-fd28-4671-9532-38438ac83d75	chr15	90822247	101928837	3	2	1
70af5fdb-fd28-4671-9532-38438ac83d75	chr16	10777	3150659	2	1	1
70af5fdb-fd28-4671-9532-38438ac83d75	chr16	3155334	3180887	1	1	0
70af5fdb-fd28-4671-9532-38438ac83d75	chr16	3187581	16693237	2	1	1
70af5fdb-fd28-4671-9532-38438ac83d75	chr16	16737225	16883442	3	2	1
70af5fdb-fd28-4671-9532-38438ac83d75	chr16	16886062	36048855	2	1	1
70af5fdb-fd28-4671-9532-38438ac83d75	chr16	46441986	48734335	3	2	1
70af5fdb-fd28-4671-9532-38438ac83d75	chr16	48737470	58432186	2	1	1
70af5fdb-fd28-4671-9532-38438ac83d75	chr16	58433949	58599145	3	2	1
70af5fdb-fd28-4671-9532-38438ac83d75	chr16	58609753	81476550	2	1	1
70af5fdb-fd28-4671-9532-38438ac83d75	chr16	81476866	81923322	3	2	1
70af5fdb-fd28-4671-9532-38438ac83d75	chr16	81923504	81936802	1	1	0
70af5fdb-fd28-4671-9532-38438ac83d75	chr16	81936890	90096867	2	1	1
70af5fdb-fd28-4671-9532-38438ac83d75	chr17	150733	7963348	2	2	0
70af5fdb-fd28-4671-9532-38438ac83d75	chr17	7966236	9356199	1	1	0
70af5fdb-fd28-4671-9532-38438ac83d75	chr17	9356812	11818533	2	2	0
70af5fdb-fd28-4671-9532-38438ac83d75	chr17	11825413	12148341	1	1	0
70af5fdb-fd28-4671-9532-38438ac83d75	chr17	12157258	12296701	2	2	0
70af5fdb-fd28-4671-9532-38438ac83d75	chr17	12303465	12526843	1	1	0
70af5fdb-fd28-4671-9532-38438ac83d75	chr17	12530313	15885396	2	2	0
70af5fdb-fd28-4671-9532-38438ac83d75	chr17	15895281	18290052	1	1	0
70af5fdb-fd28-4671-9532-38438ac83d75	chr17	18301504	18413879	2	2	0
70af5fdb-fd28-4671-9532-38438ac83d75	chr17	18414080	18561907	0	0	0
70af5fdb-fd28-4671-9532-38438ac83d75	chr17	18565883	27310194	2	2	0
70af5fdb-fd28-4671-9532-38438ac83d75	chr17	27310317	28225871	4	4	0
70af5fdb-fd28-4671-9532-38438ac83d75	chr17	28228226	29486014	6	6	0
70af5fdb-fd28-4671-9532-38438ac83d75	chr17	29487478	30978508	2	2	0
70af5fdb-fd28-4671-9532-38438ac83d75	chr17	30982884	38462688	1	1	0
70af5fdb-fd28-4671-9532-38438ac83d75	chr17	38464057	38881877	2	2	0
70af5fdb-fd28-4671-9532-38438ac83d75	chr17	38886234	41723641	1	1	0
70af5fdb-fd28-4671-9532-38438ac83d75	chr17	41725478	41932066	2	2	0
70af5fdb-fd28-4671-9532-38438ac83d75	chr17	41932666	44619846	1	1	0
70af5fdb-fd28-4671-9532-38438ac83d75	chr17	44620001	46284643	2	2	0
70af5fdb-fd28-4671-9532-38438ac83d75	chr17	46284997	61123277	1	1	0
70af5fdb-fd28-4671-9532-38438ac83d75	chr17	61126705	63845125	2	2	0
70af5fdb-fd28-4671-9532-38438ac83d75	chr17	63847912	63906848	4	4	0
70af5fdb-fd28-4671-9532-38438ac83d75	chr17	63906939	72209750	2	2	0
70af5fdb-fd28-4671-9532-38438ac83d75	chr17	72209879	73252521	1	1	0
70af5fdb-fd28-4671-9532-38438ac83d75	chr17	73252891	77928535	2	2	0
70af5fdb-fd28-4671-9532-38438ac83d75	chr17	77933248	78835701	4	4	0
70af5fdb-fd28-4671-9532-38438ac83d75	chr17	78844832	83091923	2	2	0
70af5fdb-fd28-4671-9532-38438ac83d75	chr18	48133	10052616	2	1	1
70af5fdb-fd28-4671-9532-38438ac83d75	chr18	10052678	10233471	3	2	1
70af5fdb-fd28-4671-9532-38438ac83d75	chr18	10235975	80257174	2	1	1
70af5fdb-fd28-4671-9532-38438ac83d75	chr19	90910	1100075	1	1	0
70af5fdb-fd28-4671-9532-38438ac83d75	chr19	1101864	1676842	2	2	0
70af5fdb-fd28-4671-9532-38438ac83d75	chr19	1680988	6645167	1	1	0
70af5fdb-fd28-4671-9532-38438ac83d75	chr19	6645430	9289113	2	2	0
70af5fdb-fd28-4671-9532-38438ac83d75	chr19	9291028	11131368	3	2	1
70af5fdb-fd28-4671-9532-38438ac83d75	chr19	11131457	12906995	2	1	1
70af5fdb-fd28-4671-9532-38438ac83d75	chr19	12907062	39035141	3	2	1
70af5fdb-fd28-4671-9532-38438ac83d75	chr19	39039372	39918197	4	3	1
70af5fdb-fd28-4671-9532-38438ac83d75	chr19	39921996	39924768	3	2	1
70af5fdb-fd28-4671-9532-38438ac83d75	chr19	39927988	39947093	4	4	0
70af5fdb-fd28-4671-9532-38438ac83d75	chr19	39949175	48216734	2	1	1
70af5fdb-fd28-4671-9532-38438ac83d75	chr19	48217669	58586487	3	2	1
70af5fdb-fd28-4671-9532-38438ac83d75	chr20	80664	10906834	3	2	1
70af5fdb-fd28-4671-9532-38438ac83d75	chr20	10911150	11219325	4	2	2
70af5fdb-fd28-4671-9532-38438ac83d75	chr20	11219799	17454919	3	2	1
70af5fdb-fd28-4671-9532-38438ac83d75	chr20	17455926	18802008	4	2	2
70af5fdb-fd28-4671-9532-38438ac83d75	chr20	18802512	36548418	3	2	1
70af5fdb-fd28-4671-9532-38438ac83d75	chr20	36551093	45269521	2	2	0
70af5fdb-fd28-4671-9532-38438ac83d75	chr20	45269587	46293218	3	3	0
70af5fdb-fd28-4671-9532-38438ac83d75	chr20	46293546	47963104	5	5	0
70af5fdb-fd28-4671-9532-38438ac83d75	chr20	47963748	48419678	3	3	0
70af5fdb-fd28-4671-9532-38438ac83d75	chr20	48423216	51667081	4	4	0
70af5fdb-fd28-4671-9532-38438ac83d75	chr20	51667598	61940923	3	3	0
70af5fdb-fd28-4671-9532-38438ac83d75	chr20	61940967	62790023	5	5	0
70af5fdb-fd28-4671-9532-38438ac83d75	chr20	62790167	64324800	3	3	0
70af5fdb-fd28-4671-9532-38438ac83d75	chr21	12973348	14244429	3	3	0
70af5fdb-fd28-4671-9532-38438ac83d75	chr21	14244451	30446376	2	2	0
70af5fdb-fd28-4671-9532-38438ac83d75	chr21	30447058	30468469	3	3	0
70af5fdb-fd28-4671-9532-38438ac83d75	chr21	30474524	33962798	2	2	0
70af5fdb-fd28-4671-9532-38438ac83d75	chr21	33962964	40690817	3	3	0
70af5fdb-fd28-4671-9532-38438ac83d75	chr21	40691362	46677045	1	1	0
70af5fdb-fd28-4671-9532-38438ac83d75	chr22	16392123	17486811	2	1	1
70af5fdb-fd28-4671-9532-38438ac83d75	chr22	17490001	17611340	3	2	1
70af5fdb-fd28-4671-9532-38438ac83d75	chr22	17611815	21760862	2	1	1
70af5fdb-fd28-4671-9532-38438ac83d75	chr22	21763145	22196978	3	2	1
70af5fdb-fd28-4671-9532-38438ac83d75	chr22	22197437	36796955	2	1	1
70af5fdb-fd28-4671-9532-38438ac83d75	chr22	36802665	37743549	3	2	1
70af5fdb-fd28-4671-9532-38438ac83d75	chr22	37748228	46333409	2	1	1
70af5fdb-fd28-4671-9532-38438ac83d75	chr22	46334327	50796027	1	1	0
70af5fdb-fd28-4671-9532-38438ac83d75	chrX	251810	40392000	1	1	0
70af5fdb-fd28-4671-9532-38438ac83d75	chrX	40392054	40405406	0	0	0
70af5fdb-fd28-4671-9532-38438ac83d75	chrX	40405634	153651412	1	1	0
70af5fdb-fd28-4671-9532-38438ac83d75	chrX	153652051	155235513	2	2	0
70af5fdb-fd28-4671-9532-38438ac83d75	chrX	155237303	156004181	1	1	0
70af5fdb-fd28-4671-9532-38438ac83d75	chrY	2782397	26653788	0	0	0
70af5fdb-fd28-4671-9532-38438ac83d75	chrY	56872112	56872112	3	3	0
