GDC_Aliquot	Chromosome	Start	End	Copy_Number	Major_Copy_Number	Minor_Copy_Number
e8242e31-e8eb-4cf6-81db-27f5be5294e4	chr1	62920	25447591	2	2	0
e8242e31-e8eb-4cf6-81db-27f5be5294e4	chr1	25562931	30519600	3	2	1
e8242e31-e8eb-4cf6-81db-27f5be5294e4	chr1	30519999	45348431	2	1	1
e8242e31-e8eb-4cf6-81db-27f5be5294e4	chr1	45349156	48789826	3	2	1
e8242e31-e8eb-4cf6-81db-27f5be5294e4	chr1	48801899	54075173	2	1	1
e8242e31-e8eb-4cf6-81db-27f5be5294e4	chr1	54076735	54744794	3	2	1
e8242e31-e8eb-4cf6-81db-27f5be5294e4	chr1	54745287	58381749	2	1	1
e8242e31-e8eb-4cf6-81db-27f5be5294e4	chr1	58385586	58507000	3	2	1
e8242e31-e8eb-4cf6-81db-27f5be5294e4	chr1	58507524	152787202	2	1	1
e8242e31-e8eb-4cf6-81db-27f5be5294e4	chr1	152789447	152796224	0	0	0
e8242e31-e8eb-4cf6-81db-27f5be5294e4	chr1	152801429	174200703	2	1	1
e8242e31-e8eb-4cf6-81db-27f5be5294e4	chr1	174201203	187902521	1	1	0
e8242e31-e8eb-4cf6-81db-27f5be5294e4	chr1	187902988	187922950	0	0	0
e8242e31-e8eb-4cf6-81db-27f5be5294e4	chr1	187926583	197299548	1	1	0
e8242e31-e8eb-4cf6-81db-27f5be5294e4	chr1	197301936	205951646	2	1	1
e8242e31-e8eb-4cf6-81db-27f5be5294e4	chr1	205952317	215140667	1	1	0
e8242e31-e8eb-4cf6-81db-27f5be5294e4	chr1	215141092	243771219	2	1	1
e8242e31-e8eb-4cf6-81db-27f5be5294e4	chr1	243771378	243905408	1	1	0
e8242e31-e8eb-4cf6-81db-27f5be5294e4	chr1	243905708	248930189	2	1	1
e8242e31-e8eb-4cf6-81db-27f5be5294e4	chr2	12784	33770360	2	1	1
e8242e31-e8eb-4cf6-81db-27f5be5294e4	chr2	33773519	33785491	7	4	3
e8242e31-e8eb-4cf6-81db-27f5be5294e4	chr2	33788893	34000756	3	2	1
e8242e31-e8eb-4cf6-81db-27f5be5294e4	chr2	34001301	37015713	2	1	1
e8242e31-e8eb-4cf6-81db-27f5be5294e4	chr2	37015838	46010070	1	1	0
e8242e31-e8eb-4cf6-81db-27f5be5294e4	chr2	46018041	46466885	0	0	0
e8242e31-e8eb-4cf6-81db-27f5be5294e4	chr2	46468368	60096840	1	1	0
e8242e31-e8eb-4cf6-81db-27f5be5294e4	chr2	60096992	64438201	2	1	1
e8242e31-e8eb-4cf6-81db-27f5be5294e4	chr2	64440674	64488490	1	1	0
e8242e31-e8eb-4cf6-81db-27f5be5294e4	chr2	64491624	88833611	2	1	1
e8242e31-e8eb-4cf6-81db-27f5be5294e4	chr2	88834118	89251710	7	7	0
e8242e31-e8eb-4cf6-81db-27f5be5294e4	chr2	89253753	121497381	2	1	1
e8242e31-e8eb-4cf6-81db-27f5be5294e4	chr2	121501315	146104517	1	1	0
e8242e31-e8eb-4cf6-81db-27f5be5294e4	chr2	146106836	146109366	0	0	0
e8242e31-e8eb-4cf6-81db-27f5be5294e4	chr2	146120238	149150248	1	1	0
e8242e31-e8eb-4cf6-81db-27f5be5294e4	chr2	149150443	149161685	3	2	1
e8242e31-e8eb-4cf6-81db-27f5be5294e4	chr2	149162146	156092884	1	1	0
e8242e31-e8eb-4cf6-81db-27f5be5294e4	chr2	156092913	174798521	2	1	1
e8242e31-e8eb-4cf6-81db-27f5be5294e4	chr2	174800487	175036258	1	1	0
e8242e31-e8eb-4cf6-81db-27f5be5294e4	chr2	175036456	225167505	2	1	1
e8242e31-e8eb-4cf6-81db-27f5be5294e4	chr2	225167709	225174857	0	0	0
e8242e31-e8eb-4cf6-81db-27f5be5294e4	chr2	225175447	231970700	2	1	1
e8242e31-e8eb-4cf6-81db-27f5be5294e4	chr2	231971001	233232192	1	1	0
e8242e31-e8eb-4cf6-81db-27f5be5294e4	chr2	233236434	235743479	2	1	1
e8242e31-e8eb-4cf6-81db-27f5be5294e4	chr2	235745824	242147305	1	1	0
e8242e31-e8eb-4cf6-81db-27f5be5294e4	chr3	20930	4551985	2	1	1
e8242e31-e8eb-4cf6-81db-27f5be5294e4	chr3	4552968	4565449	0	0	0
e8242e31-e8eb-4cf6-81db-27f5be5294e4	chr3	4565547	27521122	2	1	1
e8242e31-e8eb-4cf6-81db-27f5be5294e4	chr3	27521412	58309349	1	1	0
e8242e31-e8eb-4cf6-81db-27f5be5294e4	chr3	58316076	58589916	2	2	0
e8242e31-e8eb-4cf6-81db-27f5be5294e4	chr3	58592350	58757214	3	2	1
e8242e31-e8eb-4cf6-81db-27f5be5294e4	chr3	58758414	60878451	2	1	1
e8242e31-e8eb-4cf6-81db-27f5be5294e4	chr3	60878581	61063900	1	1	0
e8242e31-e8eb-4cf6-81db-27f5be5294e4	chr3	61065839	75832122	2	1	1
e8242e31-e8eb-4cf6-81db-27f5be5294e4	chr3	75842770	83634932	1	1	0
e8242e31-e8eb-4cf6-81db-27f5be5294e4	chr3	83635075	105002720	2	1	1
e8242e31-e8eb-4cf6-81db-27f5be5294e4	chr3	105004403	105088009	4	2	2
e8242e31-e8eb-4cf6-81db-27f5be5294e4	chr3	105088021	105479575	1	1	0
e8242e31-e8eb-4cf6-81db-27f5be5294e4	chr3	105480404	116293546	2	1	1
e8242e31-e8eb-4cf6-81db-27f5be5294e4	chr3	116298249	116769188	1	1	0
e8242e31-e8eb-4cf6-81db-27f5be5294e4	chr3	116769652	123792290	2	1	1
e8242e31-e8eb-4cf6-81db-27f5be5294e4	chr3	123793136	139293139	1	1	0
e8242e31-e8eb-4cf6-81db-27f5be5294e4	chr3	139297068	148340539	2	1	1
e8242e31-e8eb-4cf6-81db-27f5be5294e4	chr3	148343260	152606854	1	1	0
e8242e31-e8eb-4cf6-81db-27f5be5294e4	chr3	152608949	153087520	2	1	1
e8242e31-e8eb-4cf6-81db-27f5be5294e4	chr3	153087811	174855726	3	2	1
e8242e31-e8eb-4cf6-81db-27f5be5294e4	chr3	174857354	189815403	2	2	0
e8242e31-e8eb-4cf6-81db-27f5be5294e4	chr3	189815439	198169247	1	1	0
e8242e31-e8eb-4cf6-81db-27f5be5294e4	chr4	68929	8500986	1	1	0
e8242e31-e8eb-4cf6-81db-27f5be5294e4	chr4	8501632	8614497	2	2	0
e8242e31-e8eb-4cf6-81db-27f5be5294e4	chr4	8615833	14278658	1	1	0
e8242e31-e8eb-4cf6-81db-27f5be5294e4	chr4	14278894	14285577	0	0	0
e8242e31-e8eb-4cf6-81db-27f5be5294e4	chr4	14286244	18919072	1	1	0
e8242e31-e8eb-4cf6-81db-27f5be5294e4	chr4	18920212	18921261	0	0	0
e8242e31-e8eb-4cf6-81db-27f5be5294e4	chr4	18921443	19242875	1	1	0
e8242e31-e8eb-4cf6-81db-27f5be5294e4	chr4	19246531	26071129	2	1	1
e8242e31-e8eb-4cf6-81db-27f5be5294e4	chr4	26075259	26544456	3	2	1
e8242e31-e8eb-4cf6-81db-27f5be5294e4	chr4	26547240	28234702	2	1	1
e8242e31-e8eb-4cf6-81db-27f5be5294e4	chr4	28234764	28236448	0	0	0
e8242e31-e8eb-4cf6-81db-27f5be5294e4	chr4	28236509	31231753	2	1	1
e8242e31-e8eb-4cf6-81db-27f5be5294e4	chr4	31234187	31352629	3	2	1
e8242e31-e8eb-4cf6-81db-27f5be5294e4	chr4	31356214	41310554	2	1	1
e8242e31-e8eb-4cf6-81db-27f5be5294e4	chr4	41313643	49007137	1	1	0
e8242e31-e8eb-4cf6-81db-27f5be5294e4	chr4	49011569	60551520	2	1	1
e8242e31-e8eb-4cf6-81db-27f5be5294e4	chr4	60551538	60564174	0	0	0
e8242e31-e8eb-4cf6-81db-27f5be5294e4	chr4	60568609	86250945	2	1	1
e8242e31-e8eb-4cf6-81db-27f5be5294e4	chr4	86261283	86765471	1	1	0
e8242e31-e8eb-4cf6-81db-27f5be5294e4	chr4	86766348	96945062	2	1	1
e8242e31-e8eb-4cf6-81db-27f5be5294e4	chr4	96947556	97047523	1	1	0
e8242e31-e8eb-4cf6-81db-27f5be5294e4	chr4	97047892	109098298	2	1	1
e8242e31-e8eb-4cf6-81db-27f5be5294e4	chr4	109099009	118733469	3	2	1
e8242e31-e8eb-4cf6-81db-27f5be5294e4	chr4	118733526	122808320	2	1	1
e8242e31-e8eb-4cf6-81db-27f5be5294e4	chr4	122809698	122838023	5	3	2
e8242e31-e8eb-4cf6-81db-27f5be5294e4	chr4	122838330	137171085	2	1	1
e8242e31-e8eb-4cf6-81db-27f5be5294e4	chr4	137171266	137173967	0	0	0
e8242e31-e8eb-4cf6-81db-27f5be5294e4	chr4	137187209	147487794	2	1	1
e8242e31-e8eb-4cf6-81db-27f5be5294e4	chr4	147488305	181548537	1	1	0
e8242e31-e8eb-4cf6-81db-27f5be5294e4	chr4	181548870	181584649	0	0	0
e8242e31-e8eb-4cf6-81db-27f5be5294e4	chr4	181585355	190106768	1	1	0
e8242e31-e8eb-4cf6-81db-27f5be5294e4	chr5	15532	18679276	3	2	1
e8242e31-e8eb-4cf6-81db-27f5be5294e4	chr5	18680070	18707815	6	4	2
e8242e31-e8eb-4cf6-81db-27f5be5294e4	chr5	18711082	23717075	3	2	1
e8242e31-e8eb-4cf6-81db-27f5be5294e4	chr5	23720246	23773485	6	4	2
e8242e31-e8eb-4cf6-81db-27f5be5294e4	chr5	23776508	40841639	3	2	1
e8242e31-e8eb-4cf6-81db-27f5be5294e4	chr5	40841854	42483963	2	1	1
e8242e31-e8eb-4cf6-81db-27f5be5294e4	chr5	42484900	42706655	1	1	0
e8242e31-e8eb-4cf6-81db-27f5be5294e4	chr5	42710402	57116543	2	1	1
e8242e31-e8eb-4cf6-81db-27f5be5294e4	chr5	57117134	63759705	1	1	0
e8242e31-e8eb-4cf6-81db-27f5be5294e4	chr5	63759758	64574782	2	2	0
e8242e31-e8eb-4cf6-81db-27f5be5294e4	chr5	64578425	83602543	1	1	0
e8242e31-e8eb-4cf6-81db-27f5be5294e4	chr5	83604631	83615766	2	2	0
e8242e31-e8eb-4cf6-81db-27f5be5294e4	chr5	83615929	122744676	1	1	0
e8242e31-e8eb-4cf6-81db-27f5be5294e4	chr5	122744905	123168714	2	2	0
e8242e31-e8eb-4cf6-81db-27f5be5294e4	chr5	123170543	128410741	1	1	0
e8242e31-e8eb-4cf6-81db-27f5be5294e4	chr5	128412327	128929147	2	2	0
e8242e31-e8eb-4cf6-81db-27f5be5294e4	chr5	128929280	128960450	5	4	1
e8242e31-e8eb-4cf6-81db-27f5be5294e4	chr5	128966943	132419572	2	2	0
e8242e31-e8eb-4cf6-81db-27f5be5294e4	chr5	132419959	132489434	1	1	0
e8242e31-e8eb-4cf6-81db-27f5be5294e4	chr5	132489656	148464886	2	2	0
e8242e31-e8eb-4cf6-81db-27f5be5294e4	chr5	148466252	150170234	1	1	0
e8242e31-e8eb-4cf6-81db-27f5be5294e4	chr5	150173136	169571600	2	1	1
e8242e31-e8eb-4cf6-81db-27f5be5294e4	chr5	169575993	181363319	3	2	1
e8242e31-e8eb-4cf6-81db-27f5be5294e4	chr6	149661	42401570	3	2	1
e8242e31-e8eb-4cf6-81db-27f5be5294e4	chr6	42401803	48473837	1	1	0
e8242e31-e8eb-4cf6-81db-27f5be5294e4	chr6	48474036	50458560	2	1	1
e8242e31-e8eb-4cf6-81db-27f5be5294e4	chr6	50462367	124450087	1	1	0
e8242e31-e8eb-4cf6-81db-27f5be5294e4	chr6	124450222	131950277	2	1	1
e8242e31-e8eb-4cf6-81db-27f5be5294e4	chr6	131952851	132036531	1	1	0
e8242e31-e8eb-4cf6-81db-27f5be5294e4	chr6	132038025	135268129	2	1	1
e8242e31-e8eb-4cf6-81db-27f5be5294e4	chr6	135268739	140724626	3	2	1
e8242e31-e8eb-4cf6-81db-27f5be5294e4	chr6	140724824	170741917	1	1	0
e8242e31-e8eb-4cf6-81db-27f5be5294e4	chr7	43259	24401100	1	1	0
e8242e31-e8eb-4cf6-81db-27f5be5294e4	chr7	24402867	33024157	2	1	1
e8242e31-e8eb-4cf6-81db-27f5be5294e4	chr7	33025227	33312333	3	2	1
e8242e31-e8eb-4cf6-81db-27f5be5294e4	chr7	33312662	52049461	2	1	1
e8242e31-e8eb-4cf6-81db-27f5be5294e4	chr7	52052586	52072203	1	1	0
e8242e31-e8eb-4cf6-81db-27f5be5294e4	chr7	52072767	62526879	2	1	1
e8242e31-e8eb-4cf6-81db-27f5be5294e4	chr7	62526916	62594381	0	0	0
e8242e31-e8eb-4cf6-81db-27f5be5294e4	chr7	62594387	62620363	1	1	0
e8242e31-e8eb-4cf6-81db-27f5be5294e4	chr7	62643000	63465455	0	0	0
e8242e31-e8eb-4cf6-81db-27f5be5294e4	chr7	63500432	65429262	1	1	0
e8242e31-e8eb-4cf6-81db-27f5be5294e4	chr7	65430214	67618282	2	1	1
e8242e31-e8eb-4cf6-81db-27f5be5294e4	chr7	67624096	75902829	1	1	0
e8242e31-e8eb-4cf6-81db-27f5be5294e4	chr7	75903237	80151770	2	1	1
e8242e31-e8eb-4cf6-81db-27f5be5294e4	chr7	80154810	80281086	1	1	0
e8242e31-e8eb-4cf6-81db-27f5be5294e4	chr7	80281551	95687559	2	1	1
e8242e31-e8eb-4cf6-81db-27f5be5294e4	chr7	95691637	97980054	1	1	0
e8242e31-e8eb-4cf6-81db-27f5be5294e4	chr7	97980107	100111122	2	2	0
e8242e31-e8eb-4cf6-81db-27f5be5294e4	chr7	100115339	100798779	4	4	0
e8242e31-e8eb-4cf6-81db-27f5be5294e4	chr7	100799818	112467403	2	2	0
e8242e31-e8eb-4cf6-81db-27f5be5294e4	chr7	112468373	112523072	4	4	0
e8242e31-e8eb-4cf6-81db-27f5be5294e4	chr7	112525577	132769766	2	2	0
e8242e31-e8eb-4cf6-81db-27f5be5294e4	chr7	132770487	133503391	4	4	0
e8242e31-e8eb-4cf6-81db-27f5be5294e4	chr7	133503403	143130861	2	2	0
e8242e31-e8eb-4cf6-81db-27f5be5294e4	chr7	143132451	143194628	0	0	0
e8242e31-e8eb-4cf6-81db-27f5be5294e4	chr7	143200677	152498759	2	2	0
e8242e31-e8eb-4cf6-81db-27f5be5294e4	chr7	152502774	155839621	3	3	0
e8242e31-e8eb-4cf6-81db-27f5be5294e4	chr7	155840787	155862208	2	2	0
e8242e31-e8eb-4cf6-81db-27f5be5294e4	chr7	155862828	159334314	3	3	0
e8242e31-e8eb-4cf6-81db-27f5be5294e4	chr8	81254	16574796	1	1	0
e8242e31-e8eb-4cf6-81db-27f5be5294e4	chr8	16576873	16619032	0	0	0
e8242e31-e8eb-4cf6-81db-27f5be5294e4	chr8	16625400	39728839	1	1	0
e8242e31-e8eb-4cf6-81db-27f5be5294e4	chr8	39728869	75448242	2	1	1
e8242e31-e8eb-4cf6-81db-27f5be5294e4	chr8	75457908	75508796	4	2	2
e8242e31-e8eb-4cf6-81db-27f5be5294e4	chr8	75508922	97080839	2	1	1
e8242e31-e8eb-4cf6-81db-27f5be5294e4	chr8	97082090	114826188	3	2	1
e8242e31-e8eb-4cf6-81db-27f5be5294e4	chr8	114830832	114842166	1	1	0
e8242e31-e8eb-4cf6-81db-27f5be5294e4	chr8	114843033	122498223	3	2	1
e8242e31-e8eb-4cf6-81db-27f5be5294e4	chr8	122498498	122587696	2	1	1
e8242e31-e8eb-4cf6-81db-27f5be5294e4	chr8	122588026	145072769	3	2	1
e8242e31-e8eb-4cf6-81db-27f5be5294e4	chr9	46587	9534074	2	1	1
e8242e31-e8eb-4cf6-81db-27f5be5294e4	chr9	9539367	9687791	1	1	0
e8242e31-e8eb-4cf6-81db-27f5be5294e4	chr9	9691328	29399552	2	1	1
e8242e31-e8eb-4cf6-81db-27f5be5294e4	chr9	29400714	29431764	0	0	0
e8242e31-e8eb-4cf6-81db-27f5be5294e4	chr9	29431919	41741113	2	1	1
e8242e31-e8eb-4cf6-81db-27f5be5294e4	chr9	60863881	68554053	3	2	1
e8242e31-e8eb-4cf6-81db-27f5be5294e4	chr9	68554699	81589417	2	1	1
e8242e31-e8eb-4cf6-81db-27f5be5294e4	chr9	81589485	81595214	5	3	2
e8242e31-e8eb-4cf6-81db-27f5be5294e4	chr9	81595233	103897940	2	1	1
e8242e31-e8eb-4cf6-81db-27f5be5294e4	chr9	103898313	103965588	1	1	0
e8242e31-e8eb-4cf6-81db-27f5be5294e4	chr9	103970563	104885374	2	1	1
e8242e31-e8eb-4cf6-81db-27f5be5294e4	chr9	104885574	104914930	1	1	0
e8242e31-e8eb-4cf6-81db-27f5be5294e4	chr9	104914946	110605711	2	1	1
e8242e31-e8eb-4cf6-81db-27f5be5294e4	chr9	110605805	110622610	1	1	0
e8242e31-e8eb-4cf6-81db-27f5be5294e4	chr9	110622845	121996046	2	1	1
e8242e31-e8eb-4cf6-81db-27f5be5294e4	chr9	121996338	123971217	3	2	1
e8242e31-e8eb-4cf6-81db-27f5be5294e4	chr9	123971687	138200944	2	1	1
e8242e31-e8eb-4cf6-81db-27f5be5294e4	chr10	45792	20291325	2	2	0
e8242e31-e8eb-4cf6-81db-27f5be5294e4	chr10	20297814	20463625	1	1	0
e8242e31-e8eb-4cf6-81db-27f5be5294e4	chr10	20466781	27288203	2	2	0
e8242e31-e8eb-4cf6-81db-27f5be5294e4	chr10	27288639	34461917	3	3	0
e8242e31-e8eb-4cf6-81db-27f5be5294e4	chr10	34464502	35061561	2	2	0
e8242e31-e8eb-4cf6-81db-27f5be5294e4	chr10	35064837	36426425	1	1	0
e8242e31-e8eb-4cf6-81db-27f5be5294e4	chr10	36426638	42355411	2	1	1
e8242e31-e8eb-4cf6-81db-27f5be5294e4	chr10	42357675	44308247	1	1	0
e8242e31-e8eb-4cf6-81db-27f5be5294e4	chr10	44308477	46225795	2	2	0
e8242e31-e8eb-4cf6-81db-27f5be5294e4	chr10	46226215	51431720	1	1	0
e8242e31-e8eb-4cf6-81db-27f5be5294e4	chr10	51432781	51508140	0	0	0
e8242e31-e8eb-4cf6-81db-27f5be5294e4	chr10	51515238	67075464	1	1	0
e8242e31-e8eb-4cf6-81db-27f5be5294e4	chr10	67076480	67132744	0	0	0
e8242e31-e8eb-4cf6-81db-27f5be5294e4	chr10	67133194	67520275	1	1	0
e8242e31-e8eb-4cf6-81db-27f5be5294e4	chr10	67521737	87310039	2	1	1
e8242e31-e8eb-4cf6-81db-27f5be5294e4	chr10	87310988	120556805	1	1	0
e8242e31-e8eb-4cf6-81db-27f5be5294e4	chr10	120556812	125086928	2	1	1
e8242e31-e8eb-4cf6-81db-27f5be5294e4	chr10	125087710	125088966	0	0	0
e8242e31-e8eb-4cf6-81db-27f5be5294e4	chr10	125089509	127693274	2	1	1
e8242e31-e8eb-4cf6-81db-27f5be5294e4	chr10	127693289	127713847	4	2	2
e8242e31-e8eb-4cf6-81db-27f5be5294e4	chr10	127713904	133654968	2	1	1
e8242e31-e8eb-4cf6-81db-27f5be5294e4	chr11	198510	4949013	1	1	0
e8242e31-e8eb-4cf6-81db-27f5be5294e4	chr11	4949047	4955042	0	0	0
e8242e31-e8eb-4cf6-81db-27f5be5294e4	chr11	4955781	5766175	1	1	0
e8242e31-e8eb-4cf6-81db-27f5be5294e4	chr11	5766850	5787909	0	0	0
e8242e31-e8eb-4cf6-81db-27f5be5294e4	chr11	5788108	13107722	1	1	0
e8242e31-e8eb-4cf6-81db-27f5be5294e4	chr11	13107735	14507009	2	2	0
e8242e31-e8eb-4cf6-81db-27f5be5294e4	chr11	14507046	35241591	3	2	1
e8242e31-e8eb-4cf6-81db-27f5be5294e4	chr11	35242423	39761844	2	1	1
e8242e31-e8eb-4cf6-81db-27f5be5294e4	chr11	39762285	39768309	4	2	2
e8242e31-e8eb-4cf6-81db-27f5be5294e4	chr11	39768561	60929200	2	1	1
e8242e31-e8eb-4cf6-81db-27f5be5294e4	chr11	60929456	60933111	4	2	2
e8242e31-e8eb-4cf6-81db-27f5be5294e4	chr11	60935604	70132532	2	1	1
e8242e31-e8eb-4cf6-81db-27f5be5294e4	chr11	70135023	73378839	4	3	1
e8242e31-e8eb-4cf6-81db-27f5be5294e4	chr11	73386275	95283134	5	4	1
e8242e31-e8eb-4cf6-81db-27f5be5294e4	chr11	95285747	102228420	3	2	1
e8242e31-e8eb-4cf6-81db-27f5be5294e4	chr11	102232367	106100186	5	4	1
e8242e31-e8eb-4cf6-81db-27f5be5294e4	chr11	106100747	108059235	7	6	1
e8242e31-e8eb-4cf6-81db-27f5be5294e4	chr11	108062671	108439878	7	7	0
e8242e31-e8eb-4cf6-81db-27f5be5294e4	chr11	108450222	112091111	5	4	1
e8242e31-e8eb-4cf6-81db-27f5be5294e4	chr11	112092756	121266206	2	1	1
e8242e31-e8eb-4cf6-81db-27f5be5294e4	chr11	121266414	121270079	0	0	0
e8242e31-e8eb-4cf6-81db-27f5be5294e4	chr11	121271417	127966193	2	1	1
e8242e31-e8eb-4cf6-81db-27f5be5294e4	chr11	127966272	129654927	3	2	1
e8242e31-e8eb-4cf6-81db-27f5be5294e4	chr11	129655053	135074876	2	1	1
e8242e31-e8eb-4cf6-81db-27f5be5294e4	chr12	51460	6495188	2	1	1
e8242e31-e8eb-4cf6-81db-27f5be5294e4	chr12	6495939	6904094	3	2	1
e8242e31-e8eb-4cf6-81db-27f5be5294e4	chr12	6905443	9115127	2	1	1
e8242e31-e8eb-4cf6-81db-27f5be5294e4	chr12	9118540	9179941	0	0	0
e8242e31-e8eb-4cf6-81db-27f5be5294e4	chr12	9180011	47451810	2	1	1
e8242e31-e8eb-4cf6-81db-27f5be5294e4	chr12	47451861	113922659	1	1	0
e8242e31-e8eb-4cf6-81db-27f5be5294e4	chr12	113923605	114238686	0	0	0
e8242e31-e8eb-4cf6-81db-27f5be5294e4	chr12	114240920	133201603	1	1	0
e8242e31-e8eb-4cf6-81db-27f5be5294e4	chr13	18452809	70265610	1	1	0
e8242e31-e8eb-4cf6-81db-27f5be5294e4	chr13	70269462	70384418	0	0	0
e8242e31-e8eb-4cf6-81db-27f5be5294e4	chr13	70384576	114342922	1	1	0
e8242e31-e8eb-4cf6-81db-27f5be5294e4	chr14	18239283	23255938	2	1	1
e8242e31-e8eb-4cf6-81db-27f5be5294e4	chr14	23256030	23837383	3	2	1
e8242e31-e8eb-4cf6-81db-27f5be5294e4	chr14	23838889	51946028	2	1	1
e8242e31-e8eb-4cf6-81db-27f5be5294e4	chr14	51949694	51955168	0	0	0
e8242e31-e8eb-4cf6-81db-27f5be5294e4	chr14	51955435	90923318	2	1	1
e8242e31-e8eb-4cf6-81db-27f5be5294e4	chr14	90923358	91871998	3	2	1
e8242e31-e8eb-4cf6-81db-27f5be5294e4	chr14	91876098	105813060	2	1	1
e8242e31-e8eb-4cf6-81db-27f5be5294e4	chr14	105813116	106290506	5	5	0
e8242e31-e8eb-4cf6-81db-27f5be5294e4	chr14	106294285	106877229	3	2	1
e8242e31-e8eb-4cf6-81db-27f5be5294e4	chr15	19811075	46178543	1	1	0
e8242e31-e8eb-4cf6-81db-27f5be5294e4	chr15	46178632	46236725	0	0	0
e8242e31-e8eb-4cf6-81db-27f5be5294e4	chr15	46237984	56052089	1	1	0
e8242e31-e8eb-4cf6-81db-27f5be5294e4	chr15	56052433	59398365	2	2	0
e8242e31-e8eb-4cf6-81db-27f5be5294e4	chr15	59400775	101928837	1	1	0
e8242e31-e8eb-4cf6-81db-27f5be5294e4	chr16	10777	2128574	1	1	0
e8242e31-e8eb-4cf6-81db-27f5be5294e4	chr16	2182793	5720212	2	1	1
e8242e31-e8eb-4cf6-81db-27f5be5294e4	chr16	5722479	6538801	1	1	0
e8242e31-e8eb-4cf6-81db-27f5be5294e4	chr16	6538851	19344023	2	1	1
e8242e31-e8eb-4cf6-81db-27f5be5294e4	chr16	19344683	19400481	1	1	0
e8242e31-e8eb-4cf6-81db-27f5be5294e4	chr16	19402664	30840634	2	1	1
e8242e31-e8eb-4cf6-81db-27f5be5294e4	chr16	30843631	31311841	1	1	0
e8242e31-e8eb-4cf6-81db-27f5be5294e4	chr16	31313476	76056979	2	1	1
e8242e31-e8eb-4cf6-81db-27f5be5294e4	chr16	76057848	76408552	1	1	0
e8242e31-e8eb-4cf6-81db-27f5be5294e4	chr16	76408961	76430841	0	0	0
e8242e31-e8eb-4cf6-81db-27f5be5294e4	chr16	76431249	84791373	1	1	0
e8242e31-e8eb-4cf6-81db-27f5be5294e4	chr16	84792227	84824073	0	0	0
e8242e31-e8eb-4cf6-81db-27f5be5294e4	chr16	84831261	90096867	1	1	0
e8242e31-e8eb-4cf6-81db-27f5be5294e4	chr17	150733	37809089	1	1	0
e8242e31-e8eb-4cf6-81db-27f5be5294e4	chr17	37809276	46085732	2	2	0
e8242e31-e8eb-4cf6-81db-27f5be5294e4	chr17	46088437	46276519	6	6	0
e8242e31-e8eb-4cf6-81db-27f5be5294e4	chr17	46284643	79071503	2	2	0
e8242e31-e8eb-4cf6-81db-27f5be5294e4	chr17	79073327	83091923	3	3	0
e8242e31-e8eb-4cf6-81db-27f5be5294e4	chr18	48133	326691	3	3	0
e8242e31-e8eb-4cf6-81db-27f5be5294e4	chr18	329586	23867216	1	1	0
e8242e31-e8eb-4cf6-81db-27f5be5294e4	chr18	23873887	52503013	2	2	0
e8242e31-e8eb-4cf6-81db-27f5be5294e4	chr18	52503099	61240128	3	2	1
e8242e31-e8eb-4cf6-81db-27f5be5294e4	chr18	61240886	73315082	1	1	0
e8242e31-e8eb-4cf6-81db-27f5be5294e4	chr18	73315893	73376071	0	0	0
e8242e31-e8eb-4cf6-81db-27f5be5294e4	chr18	73376963	80257174	1	1	0
e8242e31-e8eb-4cf6-81db-27f5be5294e4	chr19	90910	9459215	1	1	0
e8242e31-e8eb-4cf6-81db-27f5be5294e4	chr19	9460182	58586487	2	1	1
e8242e31-e8eb-4cf6-81db-27f5be5294e4	chr20	80664	1580353	1	1	0
e8242e31-e8eb-4cf6-81db-27f5be5294e4	chr20	1580934	1613247	13	13	0
e8242e31-e8eb-4cf6-81db-27f5be5294e4	chr20	1617300	22061183	1	1	0
e8242e31-e8eb-4cf6-81db-27f5be5294e4	chr20	22061780	22481532	2	1	1
e8242e31-e8eb-4cf6-81db-27f5be5294e4	chr20	22481852	30271154	1	1	0
e8242e31-e8eb-4cf6-81db-27f5be5294e4	chr20	30290746	32355092	3	2	1
e8242e31-e8eb-4cf6-81db-27f5be5294e4	chr20	32359329	60735576	2	2	0
e8242e31-e8eb-4cf6-81db-27f5be5294e4	chr20	60736028	64324800	3	3	0
e8242e31-e8eb-4cf6-81db-27f5be5294e4	chr21	12973348	14172998	2	1	1
e8242e31-e8eb-4cf6-81db-27f5be5294e4	chr21	14173507	14256347	3	2	1
e8242e31-e8eb-4cf6-81db-27f5be5294e4	chr21	14265347	33940798	2	1	1
e8242e31-e8eb-4cf6-81db-27f5be5294e4	chr21	33941003	46677045	3	2	1
e8242e31-e8eb-4cf6-81db-27f5be5294e4	chr22	16392123	31561845	2	1	1
e8242e31-e8eb-4cf6-81db-27f5be5294e4	chr22	31563334	32104071	3	2	1
e8242e31-e8eb-4cf6-81db-27f5be5294e4	chr22	32104276	33284880	2	1	1
e8242e31-e8eb-4cf6-81db-27f5be5294e4	chr22	33287456	33582325	1	1	0
e8242e31-e8eb-4cf6-81db-27f5be5294e4	chr22	33582472	50796027	2	1	1
e8242e31-e8eb-4cf6-81db-27f5be5294e4	chrX	251810	28802013	1	1	0
e8242e31-e8eb-4cf6-81db-27f5be5294e4	chrX	28804309	28851145	0	0	0
e8242e31-e8eb-4cf6-81db-27f5be5294e4	chrX	28852827	32751632	1	1	0
e8242e31-e8eb-4cf6-81db-27f5be5294e4	chrX	32752549	32872222	0	0	0
e8242e31-e8eb-4cf6-81db-27f5be5294e4	chrX	32872755	35396440	1	1	0
e8242e31-e8eb-4cf6-81db-27f5be5294e4	chrX	35396919	44333000	2	1	1
e8242e31-e8eb-4cf6-81db-27f5be5294e4	chrX	44334425	44362743	4	2	2
e8242e31-e8eb-4cf6-81db-27f5be5294e4	chrX	44363906	84910189	2	1	1
e8242e31-e8eb-4cf6-81db-27f5be5294e4	chrX	84910749	85099759	3	2	1
e8242e31-e8eb-4cf6-81db-27f5be5294e4	chrX	85101937	120336734	2	1	1
e8242e31-e8eb-4cf6-81db-27f5be5294e4	chrX	120339387	156004181	3	2	1
e8242e31-e8eb-4cf6-81db-27f5be5294e4	chrY	2782397	26653788	0	0	0
e8242e31-e8eb-4cf6-81db-27f5be5294e4	chrY	56872112	56872112	6	6	0
