GDC_Aliquot	Chromosome	Start	End	Copy_Number	Major_Copy_Number	Minor_Copy_Number
6f7cae3d-aa66-4b4e-8e4d-78378952f19e	chr1	62920	3809837	2	1	1
6f7cae3d-aa66-4b4e-8e4d-78378952f19e	chr1	3813871	28740003	1	1	0
6f7cae3d-aa66-4b4e-8e4d-78378952f19e	chr1	28753159	202068867	2	1	1
6f7cae3d-aa66-4b4e-8e4d-78378952f19e	chr1	202069817	202231671	3	2	1
6f7cae3d-aa66-4b4e-8e4d-78378952f19e	chr1	202231684	248930189	2	1	1
6f7cae3d-aa66-4b4e-8e4d-78378952f19e	chr2	12784	2629275	3	2	1
6f7cae3d-aa66-4b4e-8e4d-78378952f19e	chr2	2632641	3340576	2	1	1
6f7cae3d-aa66-4b4e-8e4d-78378952f19e	chr2	3341844	3578828	1	1	0
6f7cae3d-aa66-4b4e-8e4d-78378952f19e	chr2	3584382	16544024	2	1	1
6f7cae3d-aa66-4b4e-8e4d-78378952f19e	chr2	16544127	16558365	1	1	0
6f7cae3d-aa66-4b4e-8e4d-78378952f19e	chr2	16559099	107385536	2	1	1
6f7cae3d-aa66-4b4e-8e4d-78378952f19e	chr2	107385632	112913621	2	2	0
6f7cae3d-aa66-4b4e-8e4d-78378952f19e	chr2	112917851	113008755	0	0	0
6f7cae3d-aa66-4b4e-8e4d-78378952f19e	chr2	113009239	118477862	2	2	0
6f7cae3d-aa66-4b4e-8e4d-78378952f19e	chr2	118478920	118615514	0	0	0
6f7cae3d-aa66-4b4e-8e4d-78378952f19e	chr2	118620524	167959733	2	2	0
6f7cae3d-aa66-4b4e-8e4d-78378952f19e	chr2	167961238	217777466	1	1	0
6f7cae3d-aa66-4b4e-8e4d-78378952f19e	chr2	217782397	219872216	2	2	0
6f7cae3d-aa66-4b4e-8e4d-78378952f19e	chr2	219873475	233700447	1	1	0
6f7cae3d-aa66-4b4e-8e4d-78378952f19e	chr2	233701171	242147305	2	2	0
6f7cae3d-aa66-4b4e-8e4d-78378952f19e	chr3	20930	35430136	1	1	0
6f7cae3d-aa66-4b4e-8e4d-78378952f19e	chr3	35431414	107483681	2	1	1
6f7cae3d-aa66-4b4e-8e4d-78378952f19e	chr3	107483777	130044016	3	2	1
6f7cae3d-aa66-4b4e-8e4d-78378952f19e	chr3	130044855	130062033	0	0	0
6f7cae3d-aa66-4b4e-8e4d-78378952f19e	chr3	130067097	136898711	3	2	1
6f7cae3d-aa66-4b4e-8e4d-78378952f19e	chr3	136904949	178046503	2	1	1
6f7cae3d-aa66-4b4e-8e4d-78378952f19e	chr3	178048676	178113819	1	1	0
6f7cae3d-aa66-4b4e-8e4d-78378952f19e	chr3	178119433	198169247	2	1	1
6f7cae3d-aa66-4b4e-8e4d-78378952f19e	chr4	68929	38557492	1	1	0
6f7cae3d-aa66-4b4e-8e4d-78378952f19e	chr4	38562718	69573487	2	1	1
6f7cae3d-aa66-4b4e-8e4d-78378952f19e	chr4	69573664	69612451	1	1	0
6f7cae3d-aa66-4b4e-8e4d-78378952f19e	chr4	69612465	77413232	2	1	1
6f7cae3d-aa66-4b4e-8e4d-78378952f19e	chr4	77413728	77440706	0	0	0
6f7cae3d-aa66-4b4e-8e4d-78378952f19e	chr4	77444182	81166567	2	1	1
6f7cae3d-aa66-4b4e-8e4d-78378952f19e	chr4	81167167	129209759	1	1	0
6f7cae3d-aa66-4b4e-8e4d-78378952f19e	chr4	129215297	190106768	2	2	0
6f7cae3d-aa66-4b4e-8e4d-78378952f19e	chr5	15532	17316955	3	2	1
6f7cae3d-aa66-4b4e-8e4d-78378952f19e	chr5	17325609	46313539	2	1	1
6f7cae3d-aa66-4b4e-8e4d-78378952f19e	chr5	46325676	56227887	1	1	0
6f7cae3d-aa66-4b4e-8e4d-78378952f19e	chr5	56227982	56246807	2	2	0
6f7cae3d-aa66-4b4e-8e4d-78378952f19e	chr5	56249097	137701811	1	1	0
6f7cae3d-aa66-4b4e-8e4d-78378952f19e	chr5	137702044	181363319	2	2	0
6f7cae3d-aa66-4b4e-8e4d-78378952f19e	chr6	149661	29913249	2	1	1
6f7cae3d-aa66-4b4e-8e4d-78378952f19e	chr6	29913481	29933799	0	0	0
6f7cae3d-aa66-4b4e-8e4d-78378952f19e	chr6	29937088	47735625	2	1	1
6f7cae3d-aa66-4b4e-8e4d-78378952f19e	chr6	47735808	55046164	4	3	1
6f7cae3d-aa66-4b4e-8e4d-78378952f19e	chr6	55046370	74353051	2	1	1
6f7cae3d-aa66-4b4e-8e4d-78378952f19e	chr6	74357032	143835332	3	2	1
6f7cae3d-aa66-4b4e-8e4d-78378952f19e	chr6	143835956	163298046	1	1	0
6f7cae3d-aa66-4b4e-8e4d-78378952f19e	chr6	163298083	163316708	0	0	0
6f7cae3d-aa66-4b4e-8e4d-78378952f19e	chr6	163317138	170741917	1	1	0
6f7cae3d-aa66-4b4e-8e4d-78378952f19e	chr7	43259	20696970	1	1	0
6f7cae3d-aa66-4b4e-8e4d-78378952f19e	chr7	20697162	102850516	2	1	1
6f7cae3d-aa66-4b4e-8e4d-78378952f19e	chr7	102857122	103073638	1	1	0
6f7cae3d-aa66-4b4e-8e4d-78378952f19e	chr7	103074191	139499115	2	1	1
6f7cae3d-aa66-4b4e-8e4d-78378952f19e	chr7	139499888	157248100	3	2	1
6f7cae3d-aa66-4b4e-8e4d-78378952f19e	chr7	157248673	159334314	4	3	1
6f7cae3d-aa66-4b4e-8e4d-78378952f19e	chr8	81254	9095459	1	1	0
6f7cae3d-aa66-4b4e-8e4d-78378952f19e	chr8	9096608	9122447	2	2	0
6f7cae3d-aa66-4b4e-8e4d-78378952f19e	chr8	9129103	41465246	1	1	0
6f7cae3d-aa66-4b4e-8e4d-78378952f19e	chr8	41469080	63573122	2	1	1
6f7cae3d-aa66-4b4e-8e4d-78378952f19e	chr8	63582719	111279265	3	2	1
6f7cae3d-aa66-4b4e-8e4d-78378952f19e	chr8	111282050	111283031	0	0	0
6f7cae3d-aa66-4b4e-8e4d-78378952f19e	chr8	111288052	112973203	3	2	1
6f7cae3d-aa66-4b4e-8e4d-78378952f19e	chr8	112976897	145072769	4	3	1
6f7cae3d-aa66-4b4e-8e4d-78378952f19e	chr9	46587	41741113	1	1	0
6f7cae3d-aa66-4b4e-8e4d-78378952f19e	chr9	60863881	64877074	2	2	0
6f7cae3d-aa66-4b4e-8e4d-78378952f19e	chr9	64881149	138200944	1	1	0
6f7cae3d-aa66-4b4e-8e4d-78378952f19e	chr10	45792	3105264	2	1	1
6f7cae3d-aa66-4b4e-8e4d-78378952f19e	chr10	3105924	3120218	4	2	2
6f7cae3d-aa66-4b4e-8e4d-78378952f19e	chr10	3120861	65546518	2	1	1
6f7cae3d-aa66-4b4e-8e4d-78378952f19e	chr10	65548165	65563037	0	0	0
6f7cae3d-aa66-4b4e-8e4d-78378952f19e	chr10	65563168	79897662	2	1	1
6f7cae3d-aa66-4b4e-8e4d-78378952f19e	chr10	79906129	80056133	1	1	0
6f7cae3d-aa66-4b4e-8e4d-78378952f19e	chr10	80056378	85696201	2	1	1
6f7cae3d-aa66-4b4e-8e4d-78378952f19e	chr10	85698162	102506100	1	1	0
6f7cae3d-aa66-4b4e-8e4d-78378952f19e	chr10	102509003	115621018	2	1	1
6f7cae3d-aa66-4b4e-8e4d-78378952f19e	chr10	115622198	133654968	1	1	0
6f7cae3d-aa66-4b4e-8e4d-78378952f19e	chr11	198510	17794865	1	1	0
6f7cae3d-aa66-4b4e-8e4d-78378952f19e	chr11	17795290	83954490	2	1	1
6f7cae3d-aa66-4b4e-8e4d-78378952f19e	chr11	83956704	84073444	1	1	0
6f7cae3d-aa66-4b4e-8e4d-78378952f19e	chr11	84076352	131507113	2	1	1
6f7cae3d-aa66-4b4e-8e4d-78378952f19e	chr11	131511160	131523314	5	3	2
6f7cae3d-aa66-4b4e-8e4d-78378952f19e	chr11	131523967	133355220	2	1	1
6f7cae3d-aa66-4b4e-8e4d-78378952f19e	chr11	133355674	133411081	1	1	0
6f7cae3d-aa66-4b4e-8e4d-78378952f19e	chr11	133412114	133413629	2	2	0
6f7cae3d-aa66-4b4e-8e4d-78378952f19e	chr11	133414905	135074876	1	1	0
6f7cae3d-aa66-4b4e-8e4d-78378952f19e	chr12	51460	648040	2	1	1
6f7cae3d-aa66-4b4e-8e4d-78378952f19e	chr12	649566	1552787	1	1	0
6f7cae3d-aa66-4b4e-8e4d-78378952f19e	chr12	1558427	34330205	2	1	1
6f7cae3d-aa66-4b4e-8e4d-78378952f19e	chr12	34330665	34394684	6	6	0
6f7cae3d-aa66-4b4e-8e4d-78378952f19e	chr12	34396183	133201603	2	1	1
6f7cae3d-aa66-4b4e-8e4d-78378952f19e	chr13	18452809	22186972	1	1	0
6f7cae3d-aa66-4b4e-8e4d-78378952f19e	chr13	22188722	22207006	2	2	0
6f7cae3d-aa66-4b4e-8e4d-78378952f19e	chr13	22208770	37496998	1	1	0
6f7cae3d-aa66-4b4e-8e4d-78378952f19e	chr13	37497899	37514193	0	0	0
6f7cae3d-aa66-4b4e-8e4d-78378952f19e	chr13	37514237	114342922	1	1	0
6f7cae3d-aa66-4b4e-8e4d-78378952f19e	chr14	18239283	24736179	2	1	1
6f7cae3d-aa66-4b4e-8e4d-78378952f19e	chr14	24741697	57829111	1	1	0
6f7cae3d-aa66-4b4e-8e4d-78378952f19e	chr14	57829712	106877229	2	1	1
6f7cae3d-aa66-4b4e-8e4d-78378952f19e	chr15	19811075	34378923	2	1	1
6f7cae3d-aa66-4b4e-8e4d-78378952f19e	chr15	34379111	34508394	0	0	0
6f7cae3d-aa66-4b4e-8e4d-78378952f19e	chr15	34517887	79507679	2	1	1
6f7cae3d-aa66-4b4e-8e4d-78378952f19e	chr15	79507699	79511560	0	0	0
6f7cae3d-aa66-4b4e-8e4d-78378952f19e	chr15	79511997	101928837	2	1	1
6f7cae3d-aa66-4b4e-8e4d-78378952f19e	chr16	10777	15463418	1	1	0
6f7cae3d-aa66-4b4e-8e4d-78378952f19e	chr16	15463766	66165841	2	1	1
6f7cae3d-aa66-4b4e-8e4d-78378952f19e	chr16	66165993	90096867	1	1	0
6f7cae3d-aa66-4b4e-8e4d-78378952f19e	chr17	150733	30976590	1	1	0
6f7cae3d-aa66-4b4e-8e4d-78378952f19e	chr17	30977196	31235935	0	0	0
6f7cae3d-aa66-4b4e-8e4d-78378952f19e	chr17	31237111	49397438	1	1	0
6f7cae3d-aa66-4b4e-8e4d-78378952f19e	chr17	49397645	50642254	2	2	0
6f7cae3d-aa66-4b4e-8e4d-78378952f19e	chr17	50642528	73253556	1	1	0
6f7cae3d-aa66-4b4e-8e4d-78378952f19e	chr17	73254400	83091923	2	2	0
6f7cae3d-aa66-4b4e-8e4d-78378952f19e	chr18	48133	40678763	1	1	0
6f7cae3d-aa66-4b4e-8e4d-78378952f19e	chr18	40680456	40685425	0	0	0
6f7cae3d-aa66-4b4e-8e4d-78378952f19e	chr18	40688060	80257174	1	1	0
6f7cae3d-aa66-4b4e-8e4d-78378952f19e	chr19	90910	2997792	1	1	0
6f7cae3d-aa66-4b4e-8e4d-78378952f19e	chr19	2997899	6755683	2	1	1
6f7cae3d-aa66-4b4e-8e4d-78378952f19e	chr19	6756000	27330071	1	1	0
6f7cae3d-aa66-4b4e-8e4d-78378952f19e	chr19	27337678	58586487	2	1	1
6f7cae3d-aa66-4b4e-8e4d-78378952f19e	chr20	80664	54381888	2	1	1
6f7cae3d-aa66-4b4e-8e4d-78378952f19e	chr20	54386155	54643947	3	2	1
6f7cae3d-aa66-4b4e-8e4d-78378952f19e	chr20	54647831	59009053	2	1	1
6f7cae3d-aa66-4b4e-8e4d-78378952f19e	chr20	59009835	61621027	3	2	1
6f7cae3d-aa66-4b4e-8e4d-78378952f19e	chr20	61621864	61643522	2	2	0
6f7cae3d-aa66-4b4e-8e4d-78378952f19e	chr20	61644427	64324800	3	2	1
6f7cae3d-aa66-4b4e-8e4d-78378952f19e	chr21	12973348	36104061	2	1	1
6f7cae3d-aa66-4b4e-8e4d-78378952f19e	chr21	36109657	36247216	7	7	0
6f7cae3d-aa66-4b4e-8e4d-78378952f19e	chr21	36247984	44881093	2	1	1
6f7cae3d-aa66-4b4e-8e4d-78378952f19e	chr21	44883734	44964897	3	2	1
6f7cae3d-aa66-4b4e-8e4d-78378952f19e	chr21	44974217	46677045	2	1	1
6f7cae3d-aa66-4b4e-8e4d-78378952f19e	chr22	16392123	17808505	1	1	0
6f7cae3d-aa66-4b4e-8e4d-78378952f19e	chr22	17812364	17834855	2	2	0
6f7cae3d-aa66-4b4e-8e4d-78378952f19e	chr22	17836197	50796027	1	1	0
6f7cae3d-aa66-4b4e-8e4d-78378952f19e	chrX	251810	10138180	1	1	0
6f7cae3d-aa66-4b4e-8e4d-78378952f19e	chrX	10138225	10172148	2	2	0
6f7cae3d-aa66-4b4e-8e4d-78378952f19e	chrX	10172734	101999697	1	1	0
6f7cae3d-aa66-4b4e-8e4d-78378952f19e	chrX	102000515	102010613	0	0	0
6f7cae3d-aa66-4b4e-8e4d-78378952f19e	chrX	102010879	102030833	2	2	0
6f7cae3d-aa66-4b4e-8e4d-78378952f19e	chrX	102030982	147280837	1	1	0
6f7cae3d-aa66-4b4e-8e4d-78378952f19e	chrX	147282109	156004181	2	2	0
6f7cae3d-aa66-4b4e-8e4d-78378952f19e	chrY	2782397	26653788	0	0	0
6f7cae3d-aa66-4b4e-8e4d-78378952f19e	chrY	56872112	56872112	6	6	0
