GDC_Aliquot	Chromosome	Start	End	Copy_Number	Major_Copy_Number	Minor_Copy_Number
27599998-8559-4f7e-8288-6fdf8586e61a	chr1	62920	7511676	3	3	0
27599998-8559-4f7e-8288-6fdf8586e61a	chr1	7511749	12771339	2	2	0
27599998-8559-4f7e-8288-6fdf8586e61a	chr1	12774110	14795902	4	4	0
27599998-8559-4f7e-8288-6fdf8586e61a	chr1	14796604	35110345	2	2	0
27599998-8559-4f7e-8288-6fdf8586e61a	chr1	35114381	49011688	4	4	0
27599998-8559-4f7e-8288-6fdf8586e61a	chr1	49012457	73062569	2	2	0
27599998-8559-4f7e-8288-6fdf8586e61a	chr1	73067011	73148457	3	3	0
27599998-8559-4f7e-8288-6fdf8586e61a	chr1	73148843	89376219	2	2	0
27599998-8559-4f7e-8288-6fdf8586e61a	chr1	89376483	89388517	1	1	0
27599998-8559-4f7e-8288-6fdf8586e61a	chr1	89390538	121705338	2	2	0
27599998-8559-4f7e-8288-6fdf8586e61a	chr1	143541857	178468309	6	4	2
27599998-8559-4f7e-8288-6fdf8586e61a	chr1	178468396	179310674	8	4	4
27599998-8559-4f7e-8288-6fdf8586e61a	chr1	179310888	179399175	10	6	4
27599998-8559-4f7e-8288-6fdf8586e61a	chr1	179399929	207153550	8	4	4
27599998-8559-4f7e-8288-6fdf8586e61a	chr1	207154153	209370918	6	4	2
27599998-8559-4f7e-8288-6fdf8586e61a	chr1	209371177	210214217	4	2	2
27599998-8559-4f7e-8288-6fdf8586e61a	chr1	210216072	219697934	6	4	2
27599998-8559-4f7e-8288-6fdf8586e61a	chr1	219698063	220018404	7	4	3
27599998-8559-4f7e-8288-6fdf8586e61a	chr1	220020420	248930189	6	4	2
27599998-8559-4f7e-8288-6fdf8586e61a	chr2	12784	9985237	4	2	2
27599998-8559-4f7e-8288-6fdf8586e61a	chr2	9988989	18113761	2	2	0
27599998-8559-4f7e-8288-6fdf8586e61a	chr2	18117448	18215066	1	1	0
27599998-8559-4f7e-8288-6fdf8586e61a	chr2	18219531	32556021	4	2	2
27599998-8559-4f7e-8288-6fdf8586e61a	chr2	32559491	36598605	6	4	2
27599998-8559-4f7e-8288-6fdf8586e61a	chr2	36598789	36634499	9	6	3
27599998-8559-4f7e-8288-6fdf8586e61a	chr2	36635674	68647657	6	4	2
27599998-8559-4f7e-8288-6fdf8586e61a	chr2	68650322	68674636	7	5	2
27599998-8559-4f7e-8288-6fdf8586e61a	chr2	68674809	69547972	6	4	2
27599998-8559-4f7e-8288-6fdf8586e61a	chr2	69548341	70198457	8	4	4
27599998-8559-4f7e-8288-6fdf8586e61a	chr2	70200325	121904636	4	2	2
27599998-8559-4f7e-8288-6fdf8586e61a	chr2	121904753	123523541	5	3	2
27599998-8559-4f7e-8288-6fdf8586e61a	chr2	123523619	164395816	7	5	2
27599998-8559-4f7e-8288-6fdf8586e61a	chr2	164396917	186967277	4	2	2
27599998-8559-4f7e-8288-6fdf8586e61a	chr2	186971996	187004515	6	3	3
27599998-8559-4f7e-8288-6fdf8586e61a	chr2	187005553	202232268	4	2	2
27599998-8559-4f7e-8288-6fdf8586e61a	chr2	202237622	211018296	3	2	1
27599998-8559-4f7e-8288-6fdf8586e61a	chr2	211020199	211421312	5	4	1
27599998-8559-4f7e-8288-6fdf8586e61a	chr2	211421396	211653632	3	2	1
27599998-8559-4f7e-8288-6fdf8586e61a	chr2	211656600	211845902	5	3	2
27599998-8559-4f7e-8288-6fdf8586e61a	chr2	211850075	218849844	3	2	1
27599998-8559-4f7e-8288-6fdf8586e61a	chr2	218856313	235189492	4	2	2
27599998-8559-4f7e-8288-6fdf8586e61a	chr2	235189593	242147305	5	3	2
27599998-8559-4f7e-8288-6fdf8586e61a	chr3	20930	13642798	4	2	2
27599998-8559-4f7e-8288-6fdf8586e61a	chr3	13644678	13684807	7	4	3
27599998-8559-4f7e-8288-6fdf8586e61a	chr3	13684835	100131290	4	2	2
27599998-8559-4f7e-8288-6fdf8586e61a	chr3	100131368	100336281	6	4	2
27599998-8559-4f7e-8288-6fdf8586e61a	chr3	100338359	108945469	4	2	2
27599998-8559-4f7e-8288-6fdf8586e61a	chr3	108947930	113794105	6	4	2
27599998-8559-4f7e-8288-6fdf8586e61a	chr3	113798526	114473016	9	7	2
27599998-8559-4f7e-8288-6fdf8586e61a	chr3	114479700	153733793	6	4	2
27599998-8559-4f7e-8288-6fdf8586e61a	chr3	153735895	153760634	8	6	2
27599998-8559-4f7e-8288-6fdf8586e61a	chr3	153763908	159124950	6	4	2
27599998-8559-4f7e-8288-6fdf8586e61a	chr3	159126099	168738597	2	2	0
27599998-8559-4f7e-8288-6fdf8586e61a	chr3	168742251	198169247	6	4	2
27599998-8559-4f7e-8288-6fdf8586e61a	chr4	68929	8657110	5	3	2
27599998-8559-4f7e-8288-6fdf8586e61a	chr4	8657270	90917236	4	2	2
27599998-8559-4f7e-8288-6fdf8586e61a	chr4	90923960	93716409	2	2	0
27599998-8559-4f7e-8288-6fdf8586e61a	chr4	93724497	94751258	0	0	0
27599998-8559-4f7e-8288-6fdf8586e61a	chr4	94752838	131635003	2	2	0
27599998-8559-4f7e-8288-6fdf8586e61a	chr4	131635032	131688741	3	3	0
27599998-8559-4f7e-8288-6fdf8586e61a	chr4	131689810	171448195	2	2	0
27599998-8559-4f7e-8288-6fdf8586e61a	chr4	171453733	171456782	15	15	0
27599998-8559-4f7e-8288-6fdf8586e61a	chr4	171459220	190106768	2	2	0
27599998-8559-4f7e-8288-6fdf8586e61a	chr5	15532	184587	8	6	2
27599998-8559-4f7e-8288-6fdf8586e61a	chr5	185045	33497950	6	4	2
27599998-8559-4f7e-8288-6fdf8586e61a	chr5	33499332	43149397	4	2	2
27599998-8559-4f7e-8288-6fdf8586e61a	chr5	43149619	53123081	5	3	2
27599998-8559-4f7e-8288-6fdf8586e61a	chr5	53123630	53211594	3	2	1
27599998-8559-4f7e-8288-6fdf8586e61a	chr5	53211812	68314654	4	2	2
27599998-8559-4f7e-8288-6fdf8586e61a	chr5	68314959	126257077	2	2	0
27599998-8559-4f7e-8288-6fdf8586e61a	chr5	126263099	126380064	6	6	0
27599998-8559-4f7e-8288-6fdf8586e61a	chr5	126384456	135208237	2	2	0
27599998-8559-4f7e-8288-6fdf8586e61a	chr5	135208800	136726701	6	6	0
27599998-8559-4f7e-8288-6fdf8586e61a	chr5	136727493	148809863	2	2	0
27599998-8559-4f7e-8288-6fdf8586e61a	chr5	148811835	149905321	6	6	0
27599998-8559-4f7e-8288-6fdf8586e61a	chr5	149905470	151268416	2	2	0
27599998-8559-4f7e-8288-6fdf8586e61a	chr5	151268606	151725432	6	6	0
27599998-8559-4f7e-8288-6fdf8586e61a	chr5	151728033	151737836	4	4	0
27599998-8559-4f7e-8288-6fdf8586e61a	chr5	151741311	157120567	2	2	0
27599998-8559-4f7e-8288-6fdf8586e61a	chr5	157121519	157281301	6	6	0
27599998-8559-4f7e-8288-6fdf8586e61a	chr5	157282163	176679203	2	2	0
27599998-8559-4f7e-8288-6fdf8586e61a	chr5	176679429	178084275	6	6	0
27599998-8559-4f7e-8288-6fdf8586e61a	chr5	178084432	181363319	2	2	0
27599998-8559-4f7e-8288-6fdf8586e61a	chr6	149661	6175742	6	4	2
27599998-8559-4f7e-8288-6fdf8586e61a	chr6	6175911	6181363	10	7	3
27599998-8559-4f7e-8288-6fdf8586e61a	chr6	6183428	31554892	6	4	2
27599998-8559-4f7e-8288-6fdf8586e61a	chr6	31557074	31957103	8	6	2
27599998-8559-4f7e-8288-6fdf8586e61a	chr6	31959565	56487120	6	4	2
27599998-8559-4f7e-8288-6fdf8586e61a	chr6	56491273	88562287	4	2	2
27599998-8559-4f7e-8288-6fdf8586e61a	chr6	88564353	88587151	7	4	3
27599998-8559-4f7e-8288-6fdf8586e61a	chr6	88587472	103290101	4	2	2
27599998-8559-4f7e-8288-6fdf8586e61a	chr6	103290164	103314186	10	10	0
27599998-8559-4f7e-8288-6fdf8586e61a	chr6	103317795	118318119	4	2	2
27599998-8559-4f7e-8288-6fdf8586e61a	chr6	118318382	118377006	5	3	2
27599998-8559-4f7e-8288-6fdf8586e61a	chr6	118377346	139505717	4	2	2
27599998-8559-4f7e-8288-6fdf8586e61a	chr6	139507624	170741917	2	2	0
27599998-8559-4f7e-8288-6fdf8586e61a	chr7	43259	4233095	5	5	0
27599998-8559-4f7e-8288-6fdf8586e61a	chr7	4233213	4236384	8	8	0
27599998-8559-4f7e-8288-6fdf8586e61a	chr7	4240619	10805664	4	4	0
27599998-8559-4f7e-8288-6fdf8586e61a	chr7	10812765	10875743	3	3	0
27599998-8559-4f7e-8288-6fdf8586e61a	chr7	10875821	13223757	4	4	0
27599998-8559-4f7e-8288-6fdf8586e61a	chr7	13226016	13244775	0	0	0
27599998-8559-4f7e-8288-6fdf8586e61a	chr7	13248370	33385934	4	4	0
27599998-8559-4f7e-8288-6fdf8586e61a	chr7	33390396	43375947	2	2	0
27599998-8559-4f7e-8288-6fdf8586e61a	chr7	43376530	52027921	6	4	2
27599998-8559-4f7e-8288-6fdf8586e61a	chr7	52027958	55224033	4	2	2
27599998-8559-4f7e-8288-6fdf8586e61a	chr7	55224628	55348455	6	4	2
27599998-8559-4f7e-8288-6fdf8586e61a	chr7	55349271	75415352	4	2	2
27599998-8559-4f7e-8288-6fdf8586e61a	chr7	75415813	76585680	6	4	2
27599998-8559-4f7e-8288-6fdf8586e61a	chr7	76585775	81019853	4	2	2
27599998-8559-4f7e-8288-6fdf8586e61a	chr7	81024943	81083229	2	1	1
27599998-8559-4f7e-8288-6fdf8586e61a	chr7	81083888	112874916	4	2	2
27599998-8559-4f7e-8288-6fdf8586e61a	chr7	112876889	113048680	2	1	1
27599998-8559-4f7e-8288-6fdf8586e61a	chr7	113054315	113088952	3	3	0
27599998-8559-4f7e-8288-6fdf8586e61a	chr7	113089127	116661151	4	2	2
27599998-8559-4f7e-8288-6fdf8586e61a	chr7	116661386	117695078	6	4	2
27599998-8559-4f7e-8288-6fdf8586e61a	chr7	117695427	150765330	4	2	2
27599998-8559-4f7e-8288-6fdf8586e61a	chr7	150765352	159334314	3	2	1
27599998-8559-4f7e-8288-6fdf8586e61a	chr8	81254	35516806	2	2	0
27599998-8559-4f7e-8288-6fdf8586e61a	chr8	35519020	35546302	1	1	0
27599998-8559-4f7e-8288-6fdf8586e61a	chr8	35546451	39263468	2	2	0
27599998-8559-4f7e-8288-6fdf8586e61a	chr8	39266171	49978486	6	4	2
27599998-8559-4f7e-8288-6fdf8586e61a	chr8	49979420	50705775	7	5	2
27599998-8559-4f7e-8288-6fdf8586e61a	chr8	50708974	89290828	6	4	2
27599998-8559-4f7e-8288-6fdf8586e61a	chr8	89291019	89463972	3	2	1
27599998-8559-4f7e-8288-6fdf8586e61a	chr8	89464399	90728446	5	4	1
27599998-8559-4f7e-8288-6fdf8586e61a	chr8	90737100	90774771	7	5	2
27599998-8559-4f7e-8288-6fdf8586e61a	chr8	90777060	95270493	5	4	1
27599998-8559-4f7e-8288-6fdf8586e61a	chr8	95270698	107308557	4	3	1
27599998-8559-4f7e-8288-6fdf8586e61a	chr8	107308799	119342745	7	6	1
27599998-8559-4f7e-8288-6fdf8586e61a	chr8	119343535	119353409	10	8	2
27599998-8559-4f7e-8288-6fdf8586e61a	chr8	119363930	121881846	7	6	1
27599998-8559-4f7e-8288-6fdf8586e61a	chr8	121892531	132517096	10	6	4
27599998-8559-4f7e-8288-6fdf8586e61a	chr8	132517961	136665382	8	4	4
27599998-8559-4f7e-8288-6fdf8586e61a	chr8	136665432	136677301	4	2	2
27599998-8559-4f7e-8288-6fdf8586e61a	chr8	136679162	136850173	4	4	0
27599998-8559-4f7e-8288-6fdf8586e61a	chr8	136850192	141891022	8	4	4
27599998-8559-4f7e-8288-6fdf8586e61a	chr8	141892346	145072769	9	5	4
27599998-8559-4f7e-8288-6fdf8586e61a	chr9	46587	21683956	4	2	2
27599998-8559-4f7e-8288-6fdf8586e61a	chr9	21683999	21696289	7	4	3
27599998-8559-4f7e-8288-6fdf8586e61a	chr9	21700796	41741113	4	2	2
27599998-8559-4f7e-8288-6fdf8586e61a	chr9	60863881	61977370	8	8	0
27599998-8559-4f7e-8288-6fdf8586e61a	chr9	61983615	62929035	7	4	3
27599998-8559-4f7e-8288-6fdf8586e61a	chr9	63253816	121501403	4	2	2
27599998-8559-4f7e-8288-6fdf8586e61a	chr9	121502137	121842340	5	3	2
27599998-8559-4f7e-8288-6fdf8586e61a	chr9	121844208	129257126	4	2	2
27599998-8559-4f7e-8288-6fdf8586e61a	chr9	129260487	135974111	5	3	2
27599998-8559-4f7e-8288-6fdf8586e61a	chr9	135974840	138200944	9	6	3
27599998-8559-4f7e-8288-6fdf8586e61a	chr10	45792	3032097	2	2	0
27599998-8559-4f7e-8288-6fdf8586e61a	chr10	3032884	20767658	4	4	0
27599998-8559-4f7e-8288-6fdf8586e61a	chr10	20768616	20771236	9	9	0
27599998-8559-4f7e-8288-6fdf8586e61a	chr10	20771889	27393344	4	4	0
27599998-8559-4f7e-8288-6fdf8586e61a	chr10	27393560	27397227	9	9	0
27599998-8559-4f7e-8288-6fdf8586e61a	chr10	27399478	29770053	4	4	0
27599998-8559-4f7e-8288-6fdf8586e61a	chr10	29772051	35737757	6	4	2
27599998-8559-4f7e-8288-6fdf8586e61a	chr10	35740022	38747590	7	5	2
27599998-8559-4f7e-8288-6fdf8586e61a	chr10	38752615	52723778	4	2	2
27599998-8559-4f7e-8288-6fdf8586e61a	chr10	52728926	52743758	2	1	1
27599998-8559-4f7e-8288-6fdf8586e61a	chr10	52744636	69467034	4	2	2
27599998-8559-4f7e-8288-6fdf8586e61a	chr10	69467283	72308938	6	4	2
27599998-8559-4f7e-8288-6fdf8586e61a	chr10	72309220	72458929	4	2	2
27599998-8559-4f7e-8288-6fdf8586e61a	chr10	72461447	77949439	6	4	2
27599998-8559-4f7e-8288-6fdf8586e61a	chr10	77949967	79911653	8	4	4
27599998-8559-4f7e-8288-6fdf8586e61a	chr10	79912446	87039315	4	4	0
27599998-8559-4f7e-8288-6fdf8586e61a	chr10	87039853	100113073	3	3	0
27599998-8559-4f7e-8288-6fdf8586e61a	chr10	100116607	104360925	4	4	0
27599998-8559-4f7e-8288-6fdf8586e61a	chr10	104361390	113629014	3	3	0
27599998-8559-4f7e-8288-6fdf8586e61a	chr10	113629302	113633001	7	7	0
27599998-8559-4f7e-8288-6fdf8586e61a	chr10	113633160	120300487	4	4	0
27599998-8559-4f7e-8288-6fdf8586e61a	chr10	120300666	133654968	2	2	0
27599998-8559-4f7e-8288-6fdf8586e61a	chr11	198510	3373208	5	3	2
27599998-8559-4f7e-8288-6fdf8586e61a	chr11	3373664	62044623	4	2	2
27599998-8559-4f7e-8288-6fdf8586e61a	chr11	62047931	69881218	7	5	2
27599998-8559-4f7e-8288-6fdf8586e61a	chr11	69882400	99445449	6	4	2
27599998-8559-4f7e-8288-6fdf8586e61a	chr11	99446150	102727395	9	5	4
27599998-8559-4f7e-8288-6fdf8586e61a	chr11	102727844	103726272	8	4	4
27599998-8559-4f7e-8288-6fdf8586e61a	chr11	103728869	135074876	4	4	0
27599998-8559-4f7e-8288-6fdf8586e61a	chr12	51460	100397505	4	2	2
27599998-8559-4f7e-8288-6fdf8586e61a	chr12	100401452	100879343	6	4	2
27599998-8559-4f7e-8288-6fdf8586e61a	chr12	100879405	127623599	4	2	2
27599998-8559-4f7e-8288-6fdf8586e61a	chr12	127624389	133201603	2	2	0
27599998-8559-4f7e-8288-6fdf8586e61a	chr13	18452809	49400233	4	2	2
27599998-8559-4f7e-8288-6fdf8586e61a	chr13	49406928	49445288	8	5	3
27599998-8559-4f7e-8288-6fdf8586e61a	chr13	49446643	94358610	4	2	2
27599998-8559-4f7e-8288-6fdf8586e61a	chr13	94358941	95051276	6	4	2
27599998-8559-4f7e-8288-6fdf8586e61a	chr13	95056818	95059601	7	4	3
27599998-8559-4f7e-8288-6fdf8586e61a	chr13	95060057	105390009	4	2	2
27599998-8559-4f7e-8288-6fdf8586e61a	chr13	105393985	106025315	6	4	2
27599998-8559-4f7e-8288-6fdf8586e61a	chr13	106029440	110649718	4	2	2
27599998-8559-4f7e-8288-6fdf8586e61a	chr13	110653760	114342922	2	2	0
27599998-8559-4f7e-8288-6fdf8586e61a	chr14	18239283	20009389	4	3	1
27599998-8559-4f7e-8288-6fdf8586e61a	chr14	20012817	22143351	4	2	2
27599998-8559-4f7e-8288-6fdf8586e61a	chr14	22143460	22145507	2	1	1
27599998-8559-4f7e-8288-6fdf8586e61a	chr14	22145736	57995674	4	2	2
27599998-8559-4f7e-8288-6fdf8586e61a	chr14	57997153	96889617	2	2	0
27599998-8559-4f7e-8288-6fdf8586e61a	chr14	96891079	105813060	4	2	2
27599998-8559-4f7e-8288-6fdf8586e61a	chr14	105813116	106416146	9	9	0
27599998-8559-4f7e-8288-6fdf8586e61a	chr14	106418444	106877229	5	3	2
27599998-8559-4f7e-8288-6fdf8586e61a	chr15	19811075	45795080	2	2	0
27599998-8559-4f7e-8288-6fdf8586e61a	chr15	45801210	92577828	4	2	2
27599998-8559-4f7e-8288-6fdf8586e61a	chr15	92577849	92607968	6	4	2
27599998-8559-4f7e-8288-6fdf8586e61a	chr15	92608252	101928837	4	2	2
27599998-8559-4f7e-8288-6fdf8586e61a	chr16	10777	3016167	3	3	0
27599998-8559-4f7e-8288-6fdf8586e61a	chr16	3037555	8860465	2	2	0
27599998-8559-4f7e-8288-6fdf8586e61a	chr16	8864180	36048855	4	2	2
27599998-8559-4f7e-8288-6fdf8586e61a	chr16	46441986	48914963	5	3	2
27599998-8559-4f7e-8288-6fdf8586e61a	chr16	48917180	69898599	4	2	2
27599998-8559-4f7e-8288-6fdf8586e61a	chr16	69899242	78313841	2	2	0
27599998-8559-4f7e-8288-6fdf8586e61a	chr16	78314498	83587254	4	2	2
27599998-8559-4f7e-8288-6fdf8586e61a	chr16	83587468	83644698	5	3	2
27599998-8559-4f7e-8288-6fdf8586e61a	chr16	83644908	89442593	4	2	2
27599998-8559-4f7e-8288-6fdf8586e61a	chr16	89443458	90096867	5	3	2
27599998-8559-4f7e-8288-6fdf8586e61a	chr17	150733	2319198	4	4	0
27599998-8559-4f7e-8288-6fdf8586e61a	chr17	2330333	31086898	2	2	0
27599998-8559-4f7e-8288-6fdf8586e61a	chr17	31092687	31459383	0	0	0
27599998-8559-4f7e-8288-6fdf8586e61a	chr17	31467452	74769076	2	2	0
27599998-8559-4f7e-8288-6fdf8586e61a	chr17	74769592	83091923	3	3	0
27599998-8559-4f7e-8288-6fdf8586e61a	chr18	48133	11894546	3	2	1
27599998-8559-4f7e-8288-6fdf8586e61a	chr18	11901889	27676642	4	2	2
27599998-8559-4f7e-8288-6fdf8586e61a	chr18	27677598	27952020	5	3	2
27599998-8559-4f7e-8288-6fdf8586e61a	chr18	27952116	34207543	4	2	2
27599998-8559-4f7e-8288-6fdf8586e61a	chr18	34208063	80257174	2	2	0
27599998-8559-4f7e-8288-6fdf8586e61a	chr19	90910	39837975	5	3	2
27599998-8559-4f7e-8288-6fdf8586e61a	chr19	39838838	41802111	2	2	0
27599998-8559-4f7e-8288-6fdf8586e61a	chr19	41802394	41812198	4	4	0
27599998-8559-4f7e-8288-6fdf8586e61a	chr19	41812965	51111673	2	2	0
27599998-8559-4f7e-8288-6fdf8586e61a	chr19	51117057	58586487	4	4	0
27599998-8559-4f7e-8288-6fdf8586e61a	chr20	80664	5519159	8	4	4
27599998-8559-4f7e-8288-6fdf8586e61a	chr20	5522810	13833829	6	4	2
27599998-8559-4f7e-8288-6fdf8586e61a	chr20	13833892	17965239	8	4	4
27599998-8559-4f7e-8288-6fdf8586e61a	chr20	17971314	64324800	6	4	2
27599998-8559-4f7e-8288-6fdf8586e61a	chr21	12973348	16897201	5	3	2
27599998-8559-4f7e-8288-6fdf8586e61a	chr21	16898903	25910901	4	2	2
27599998-8559-4f7e-8288-6fdf8586e61a	chr21	25915612	46677045	6	4	2
27599998-8559-4f7e-8288-6fdf8586e61a	chr22	16392123	20433619	5	3	2
27599998-8559-4f7e-8288-6fdf8586e61a	chr22	20434303	45483551	2	2	0
27599998-8559-4f7e-8288-6fdf8586e61a	chr22	45483950	45494149	1	1	0
27599998-8559-4f7e-8288-6fdf8586e61a	chr22	45496553	50796027	2	2	0
27599998-8559-4f7e-8288-6fdf8586e61a	chrX	251810	14146174	4	2	2
27599998-8559-4f7e-8288-6fdf8586e61a	chrX	14147864	14322744	5	3	2
27599998-8559-4f7e-8288-6fdf8586e61a	chrX	14323118	28339836	4	2	2
27599998-8559-4f7e-8288-6fdf8586e61a	chrX	28340076	33168980	2	2	0
27599998-8559-4f7e-8288-6fdf8586e61a	chrX	33173198	33227510	4	4	0
27599998-8559-4f7e-8288-6fdf8586e61a	chrX	33227663	33227926	3	3	0
27599998-8559-4f7e-8288-6fdf8586e61a	chrX	33228235	43876605	4	2	2
27599998-8559-4f7e-8288-6fdf8586e61a	chrX	43876972	47941069	6	4	2
27599998-8559-4f7e-8288-6fdf8586e61a	chrX	47941405	82593981	4	2	2
27599998-8559-4f7e-8288-6fdf8586e61a	chrX	82594187	85722710	7	5	2
27599998-8559-4f7e-8288-6fdf8586e61a	chrX	85723056	156004181	2	2	0
27599998-8559-4f7e-8288-6fdf8586e61a	chrY	2782397	26653788	0	0	0
27599998-8559-4f7e-8288-6fdf8586e61a	chrY	56872112	56872112	11	11	0
