GDC_Aliquot	Chromosome	Start	End	Copy_Number	Major_Copy_Number	Minor_Copy_Number
99d32dd3-0594-46be-96ba-6a981950aa0f	chr1	62920	2398912	3	2	1
99d32dd3-0594-46be-96ba-6a981950aa0f	chr1	2404078	8810817	2	1	1
99d32dd3-0594-46be-96ba-6a981950aa0f	chr1	8811906	8934053	3	2	1
99d32dd3-0594-46be-96ba-6a981950aa0f	chr1	8934408	30512974	2	1	1
99d32dd3-0594-46be-96ba-6a981950aa0f	chr1	30514567	33543475	3	2	1
99d32dd3-0594-46be-96ba-6a981950aa0f	chr1	33545552	34824426	2	1	1
99d32dd3-0594-46be-96ba-6a981950aa0f	chr1	34825328	36612249	4	3	1
99d32dd3-0594-46be-96ba-6a981950aa0f	chr1	36615476	95441467	3	2	1
99d32dd3-0594-46be-96ba-6a981950aa0f	chr1	95450171	95504127	4	2	2
99d32dd3-0594-46be-96ba-6a981950aa0f	chr1	95504506	99651436	3	2	1
99d32dd3-0594-46be-96ba-6a981950aa0f	chr1	99657782	99880635	4	3	1
99d32dd3-0594-46be-96ba-6a981950aa0f	chr1	99881079	104150741	3	2	1
99d32dd3-0594-46be-96ba-6a981950aa0f	chr1	104151187	106173434	4	2	2
99d32dd3-0594-46be-96ba-6a981950aa0f	chr1	106173724	117215289	3	2	1
99d32dd3-0594-46be-96ba-6a981950aa0f	chr1	117215941	150624785	4	2	2
99d32dd3-0594-46be-96ba-6a981950aa0f	chr1	150626080	157313621	5	3	2
99d32dd3-0594-46be-96ba-6a981950aa0f	chr1	157317467	160110699	3	2	1
99d32dd3-0594-46be-96ba-6a981950aa0f	chr1	160112661	164594188	4	2	2
99d32dd3-0594-46be-96ba-6a981950aa0f	chr1	164602134	180054043	3	2	1
99d32dd3-0594-46be-96ba-6a981950aa0f	chr1	180056286	180936216	4	2	2
99d32dd3-0594-46be-96ba-6a981950aa0f	chr1	180936312	210883621	3	2	1
99d32dd3-0594-46be-96ba-6a981950aa0f	chr1	210883844	213488873	2	1	1
99d32dd3-0594-46be-96ba-6a981950aa0f	chr1	213489402	237241239	3	2	1
99d32dd3-0594-46be-96ba-6a981950aa0f	chr1	237241293	237610317	2	1	1
99d32dd3-0594-46be-96ba-6a981950aa0f	chr1	237611314	248930189	3	2	1
99d32dd3-0594-46be-96ba-6a981950aa0f	chr2	12784	28135085	3	2	1
99d32dd3-0594-46be-96ba-6a981950aa0f	chr2	28135467	28136629	5	3	2
99d32dd3-0594-46be-96ba-6a981950aa0f	chr2	28140730	64438201	3	2	1
99d32dd3-0594-46be-96ba-6a981950aa0f	chr2	64440674	64459805	2	1	1
99d32dd3-0594-46be-96ba-6a981950aa0f	chr2	64460643	88834118	3	2	1
99d32dd3-0594-46be-96ba-6a981950aa0f	chr2	88836539	89069842	7	7	0
99d32dd3-0594-46be-96ba-6a981950aa0f	chr2	89085826	100634908	3	2	1
99d32dd3-0594-46be-96ba-6a981950aa0f	chr2	100635288	104668003	2	1	1
99d32dd3-0594-46be-96ba-6a981950aa0f	chr2	104670181	108299152	3	2	1
99d32dd3-0594-46be-96ba-6a981950aa0f	chr2	108299961	125909655	2	1	1
99d32dd3-0594-46be-96ba-6a981950aa0f	chr2	125910289	128519820	3	2	1
99d32dd3-0594-46be-96ba-6a981950aa0f	chr2	128520239	142855167	2	1	1
99d32dd3-0594-46be-96ba-6a981950aa0f	chr2	142857657	149150248	4	3	1
99d32dd3-0594-46be-96ba-6a981950aa0f	chr2	149150443	149161685	9	6	3
99d32dd3-0594-46be-96ba-6a981950aa0f	chr2	149162146	152568930	4	3	1
99d32dd3-0594-46be-96ba-6a981950aa0f	chr2	152571402	154719577	2	1	1
99d32dd3-0594-46be-96ba-6a981950aa0f	chr2	154721305	158000649	4	3	1
99d32dd3-0594-46be-96ba-6a981950aa0f	chr2	158000884	158591202	4	2	2
99d32dd3-0594-46be-96ba-6a981950aa0f	chr2	158592292	162115904	3	2	1
99d32dd3-0594-46be-96ba-6a981950aa0f	chr2	162116814	171435218	2	1	1
99d32dd3-0594-46be-96ba-6a981950aa0f	chr2	171437278	178689140	3	2	1
99d32dd3-0594-46be-96ba-6a981950aa0f	chr2	178689578	183688485	4	3	1
99d32dd3-0594-46be-96ba-6a981950aa0f	chr2	183692328	187111589	3	2	1
99d32dd3-0594-46be-96ba-6a981950aa0f	chr2	187115538	191496236	4	3	1
99d32dd3-0594-46be-96ba-6a981950aa0f	chr2	191496714	191571257	2	1	1
99d32dd3-0594-46be-96ba-6a981950aa0f	chr2	191572814	199688424	3	2	1
99d32dd3-0594-46be-96ba-6a981950aa0f	chr2	199689484	201885078	4	3	1
99d32dd3-0594-46be-96ba-6a981950aa0f	chr2	201891480	202433243	3	2	1
99d32dd3-0594-46be-96ba-6a981950aa0f	chr2	202433419	204112891	2	1	1
99d32dd3-0594-46be-96ba-6a981950aa0f	chr2	204114888	204257488	4	2	2
99d32dd3-0594-46be-96ba-6a981950aa0f	chr2	204258341	204622373	3	2	1
99d32dd3-0594-46be-96ba-6a981950aa0f	chr2	204622966	205192842	4	2	2
99d32dd3-0594-46be-96ba-6a981950aa0f	chr2	205192890	207222601	3	2	1
99d32dd3-0594-46be-96ba-6a981950aa0f	chr2	207224263	208075133	4	3	1
99d32dd3-0594-46be-96ba-6a981950aa0f	chr2	208077241	213113393	3	2	1
99d32dd3-0594-46be-96ba-6a981950aa0f	chr2	213113451	215898848	2	1	1
99d32dd3-0594-46be-96ba-6a981950aa0f	chr2	215903024	220880851	3	2	1
99d32dd3-0594-46be-96ba-6a981950aa0f	chr2	220881914	224004926	1	1	0
99d32dd3-0594-46be-96ba-6a981950aa0f	chr2	224007666	228844516	3	2	1
99d32dd3-0594-46be-96ba-6a981950aa0f	chr2	228846292	229818473	1	1	0
99d32dd3-0594-46be-96ba-6a981950aa0f	chr2	229820254	242147305	3	2	1
99d32dd3-0594-46be-96ba-6a981950aa0f	chr3	20930	1928437	3	2	1
99d32dd3-0594-46be-96ba-6a981950aa0f	chr3	1929932	38307252	2	2	0
99d32dd3-0594-46be-96ba-6a981950aa0f	chr3	38308584	38309139	4	4	0
99d32dd3-0594-46be-96ba-6a981950aa0f	chr3	38310645	62743132	2	2	0
99d32dd3-0594-46be-96ba-6a981950aa0f	chr3	62744045	62746242	1	1	0
99d32dd3-0594-46be-96ba-6a981950aa0f	chr3	62746310	90453712	2	2	0
99d32dd3-0594-46be-96ba-6a981950aa0f	chr3	93800634	96426831	4	4	0
99d32dd3-0594-46be-96ba-6a981950aa0f	chr3	96426990	104935743	3	3	0
99d32dd3-0594-46be-96ba-6a981950aa0f	chr3	104945956	105088009	5	4	1
99d32dd3-0594-46be-96ba-6a981950aa0f	chr3	105088021	113813253	4	3	1
99d32dd3-0594-46be-96ba-6a981950aa0f	chr3	113815348	114921349	3	3	0
99d32dd3-0594-46be-96ba-6a981950aa0f	chr3	114921455	116980665	6	3	3
99d32dd3-0594-46be-96ba-6a981950aa0f	chr3	116981570	117601314	7	4	3
99d32dd3-0594-46be-96ba-6a981950aa0f	chr3	117601721	118583190	9	6	3
99d32dd3-0594-46be-96ba-6a981950aa0f	chr3	118584450	120477291	10	7	3
99d32dd3-0594-46be-96ba-6a981950aa0f	chr3	120481820	130044016	3	3	0
99d32dd3-0594-46be-96ba-6a981950aa0f	chr3	130044855	130087393	1	1	0
99d32dd3-0594-46be-96ba-6a981950aa0f	chr3	130088081	156324197	3	3	0
99d32dd3-0594-46be-96ba-6a981950aa0f	chr3	156325244	156918176	4	3	1
99d32dd3-0594-46be-96ba-6a981950aa0f	chr3	156919129	166531459	3	3	0
99d32dd3-0594-46be-96ba-6a981950aa0f	chr3	166531584	166991285	13	9	4
99d32dd3-0594-46be-96ba-6a981950aa0f	chr3	166992404	168078858	11	7	4
99d32dd3-0594-46be-96ba-6a981950aa0f	chr3	168078988	171502712	8	5	3
99d32dd3-0594-46be-96ba-6a981950aa0f	chr3	171503936	172023855	7	4	3
99d32dd3-0594-46be-96ba-6a981950aa0f	chr3	172027000	187209537	3	3	0
99d32dd3-0594-46be-96ba-6a981950aa0f	chr3	187209891	188936806	2	2	0
99d32dd3-0594-46be-96ba-6a981950aa0f	chr3	188937340	192492526	1	1	0
99d32dd3-0594-46be-96ba-6a981950aa0f	chr3	192498434	198169247	2	2	0
99d32dd3-0594-46be-96ba-6a981950aa0f	chr4	68929	10201838	3	2	1
99d32dd3-0594-46be-96ba-6a981950aa0f	chr4	10202969	10234518	0	0	0
99d32dd3-0594-46be-96ba-6a981950aa0f	chr4	10236812	12270788	3	2	1
99d32dd3-0594-46be-96ba-6a981950aa0f	chr4	12294233	13194104	2	1	1
99d32dd3-0594-46be-96ba-6a981950aa0f	chr4	13194122	38251842	3	2	1
99d32dd3-0594-46be-96ba-6a981950aa0f	chr4	38252561	38258830	1	1	0
99d32dd3-0594-46be-96ba-6a981950aa0f	chr4	38261628	94670993	3	2	1
99d32dd3-0594-46be-96ba-6a981950aa0f	chr4	94671226	94900268	4	3	1
99d32dd3-0594-46be-96ba-6a981950aa0f	chr4	94906147	102216722	3	2	1
99d32dd3-0594-46be-96ba-6a981950aa0f	chr4	102216784	118768156	2	1	1
99d32dd3-0594-46be-96ba-6a981950aa0f	chr4	118769567	119297953	3	2	1
99d32dd3-0594-46be-96ba-6a981950aa0f	chr4	119301728	141470217	2	1	1
99d32dd3-0594-46be-96ba-6a981950aa0f	chr4	141471391	142372870	3	2	1
99d32dd3-0594-46be-96ba-6a981950aa0f	chr4	142373233	145047164	2	1	1
99d32dd3-0594-46be-96ba-6a981950aa0f	chr4	145047356	146103495	4	3	1
99d32dd3-0594-46be-96ba-6a981950aa0f	chr4	146104992	147191956	3	2	1
99d32dd3-0594-46be-96ba-6a981950aa0f	chr4	147195387	181144640	2	1	1
99d32dd3-0594-46be-96ba-6a981950aa0f	chr4	181144725	181695248	1	1	0
99d32dd3-0594-46be-96ba-6a981950aa0f	chr4	181695269	182293431	2	1	1
99d32dd3-0594-46be-96ba-6a981950aa0f	chr4	182293951	182787843	1	1	0
99d32dd3-0594-46be-96ba-6a981950aa0f	chr4	182790624	190106768	2	1	1
99d32dd3-0594-46be-96ba-6a981950aa0f	chr5	15532	5281295	4	3	1
99d32dd3-0594-46be-96ba-6a981950aa0f	chr5	5281774	6146302	3	2	1
99d32dd3-0594-46be-96ba-6a981950aa0f	chr5	6146421	16673576	4	3	1
99d32dd3-0594-46be-96ba-6a981950aa0f	chr5	16673866	16694129	6	5	1
99d32dd3-0594-46be-96ba-6a981950aa0f	chr5	16694200	20462400	5	4	1
99d32dd3-0594-46be-96ba-6a981950aa0f	chr5	20462565	39012567	4	3	1
99d32dd3-0594-46be-96ba-6a981950aa0f	chr5	39013670	40991242	3	2	1
99d32dd3-0594-46be-96ba-6a981950aa0f	chr5	40991658	56332540	2	1	1
99d32dd3-0594-46be-96ba-6a981950aa0f	chr5	56339633	56407600	3	2	1
99d32dd3-0594-46be-96ba-6a981950aa0f	chr5	56408415	91003406	2	1	1
99d32dd3-0594-46be-96ba-6a981950aa0f	chr5	91003479	128925154	3	2	1
99d32dd3-0594-46be-96ba-6a981950aa0f	chr5	128925572	128956338	4	2	2
99d32dd3-0594-46be-96ba-6a981950aa0f	chr5	128956427	179084406	3	2	1
99d32dd3-0594-46be-96ba-6a981950aa0f	chr5	179084845	179089071	2	1	1
99d32dd3-0594-46be-96ba-6a981950aa0f	chr5	179089482	181363319	3	2	1
99d32dd3-0594-46be-96ba-6a981950aa0f	chr6	149661	20060404	2	1	1
99d32dd3-0594-46be-96ba-6a981950aa0f	chr6	20060945	42292479	3	2	1
99d32dd3-0594-46be-96ba-6a981950aa0f	chr6	42292811	43052683	5	4	1
99d32dd3-0594-46be-96ba-6a981950aa0f	chr6	43055633	43070457	4	4	0
99d32dd3-0594-46be-96ba-6a981950aa0f	chr6	43070853	67877155	3	2	1
99d32dd3-0594-46be-96ba-6a981950aa0f	chr6	67877352	68704330	4	3	1
99d32dd3-0594-46be-96ba-6a981950aa0f	chr6	68704343	103286954	3	2	1
99d32dd3-0594-46be-96ba-6a981950aa0f	chr6	103290101	103314186	8	8	0
99d32dd3-0594-46be-96ba-6a981950aa0f	chr6	103317795	117862006	3	2	1
99d32dd3-0594-46be-96ba-6a981950aa0f	chr6	117862020	139632912	4	3	1
99d32dd3-0594-46be-96ba-6a981950aa0f	chr6	139633055	139826480	2	2	0
99d32dd3-0594-46be-96ba-6a981950aa0f	chr6	139827095	145001992	4	3	1
99d32dd3-0594-46be-96ba-6a981950aa0f	chr6	145003692	145254635	5	4	1
99d32dd3-0594-46be-96ba-6a981950aa0f	chr6	145255646	151698770	4	3	1
99d32dd3-0594-46be-96ba-6a981950aa0f	chr6	151699255	151821821	6	4	2
99d32dd3-0594-46be-96ba-6a981950aa0f	chr6	151822254	160938740	4	3	1
99d32dd3-0594-46be-96ba-6a981950aa0f	chr6	160940643	161442043	3	2	1
99d32dd3-0594-46be-96ba-6a981950aa0f	chr6	161442478	170741917	4	3	1
99d32dd3-0594-46be-96ba-6a981950aa0f	chr7	43259	35497751	2	1	1
99d32dd3-0594-46be-96ba-6a981950aa0f	chr7	35498340	35887249	3	2	1
99d32dd3-0594-46be-96ba-6a981950aa0f	chr7	35891153	61089312	2	1	1
99d32dd3-0594-46be-96ba-6a981950aa0f	chr7	61091469	94874135	3	2	1
99d32dd3-0594-46be-96ba-6a981950aa0f	chr7	94875225	97226220	4	2	2
99d32dd3-0594-46be-96ba-6a981950aa0f	chr7	97226725	112587921	5	3	2
99d32dd3-0594-46be-96ba-6a981950aa0f	chr7	112588464	112757992	6	4	2
99d32dd3-0594-46be-96ba-6a981950aa0f	chr7	112758317	126797843	5	3	2
99d32dd3-0594-46be-96ba-6a981950aa0f	chr7	126798645	133929668	4	3	1
99d32dd3-0594-46be-96ba-6a981950aa0f	chr7	133929807	137080943	3	2	1
99d32dd3-0594-46be-96ba-6a981950aa0f	chr7	137081140	138006431	4	2	2
99d32dd3-0594-46be-96ba-6a981950aa0f	chr7	138006962	143491026	5	3	2
99d32dd3-0594-46be-96ba-6a981950aa0f	chr7	143491090	144948788	6	4	2
99d32dd3-0594-46be-96ba-6a981950aa0f	chr7	144950601	153872045	5	3	2
99d32dd3-0594-46be-96ba-6a981950aa0f	chr7	153872657	154889139	4	2	2
99d32dd3-0594-46be-96ba-6a981950aa0f	chr7	154889200	159334314	5	3	2
99d32dd3-0594-46be-96ba-6a981950aa0f	chr8	81254	27529585	1	1	0
99d32dd3-0594-46be-96ba-6a981950aa0f	chr8	27530328	27674424	2	2	0
99d32dd3-0594-46be-96ba-6a981950aa0f	chr8	27679399	41271071	1	1	0
99d32dd3-0594-46be-96ba-6a981950aa0f	chr8	41271191	41330951	4	2	2
99d32dd3-0594-46be-96ba-6a981950aa0f	chr8	41333434	43038751	5	3	2
99d32dd3-0594-46be-96ba-6a981950aa0f	chr8	43042692	55117368	2	1	1
99d32dd3-0594-46be-96ba-6a981950aa0f	chr8	55117953	58897384	3	2	1
99d32dd3-0594-46be-96ba-6a981950aa0f	chr8	58898318	72510979	2	1	1
99d32dd3-0594-46be-96ba-6a981950aa0f	chr8	72514792	73272947	3	2	1
99d32dd3-0594-46be-96ba-6a981950aa0f	chr8	73273216	74547684	2	1	1
99d32dd3-0594-46be-96ba-6a981950aa0f	chr8	74551284	75503877	3	2	1
99d32dd3-0594-46be-96ba-6a981950aa0f	chr8	75507667	96304593	2	1	1
99d32dd3-0594-46be-96ba-6a981950aa0f	chr8	96305181	105470428	3	2	1
99d32dd3-0594-46be-96ba-6a981950aa0f	chr8	105477790	106860766	2	2	0
99d32dd3-0594-46be-96ba-6a981950aa0f	chr8	106860884	108710685	3	2	1
99d32dd3-0594-46be-96ba-6a981950aa0f	chr8	108711698	109857515	4	2	2
99d32dd3-0594-46be-96ba-6a981950aa0f	chr8	109864414	119970059	3	2	1
99d32dd3-0594-46be-96ba-6a981950aa0f	chr8	119991712	120134686	6	3	3
99d32dd3-0594-46be-96ba-6a981950aa0f	chr8	120136538	121651090	4	2	2
99d32dd3-0594-46be-96ba-6a981950aa0f	chr8	121651114	123112619	3	2	1
99d32dd3-0594-46be-96ba-6a981950aa0f	chr8	123115689	124652034	8	8	0
99d32dd3-0594-46be-96ba-6a981950aa0f	chr8	124653948	124705552	3	3	0
99d32dd3-0594-46be-96ba-6a981950aa0f	chr8	124711422	125834240	8	8	0
99d32dd3-0594-46be-96ba-6a981950aa0f	chr8	125835843	127563044	11	11	0
99d32dd3-0594-46be-96ba-6a981950aa0f	chr8	127563488	128935729	13	13	0
99d32dd3-0594-46be-96ba-6a981950aa0f	chr8	128935862	129163034	12	11	1
99d32dd3-0594-46be-96ba-6a981950aa0f	chr8	129164945	129695914	12	12	0
99d32dd3-0594-46be-96ba-6a981950aa0f	chr8	129696087	131249917	7	7	0
99d32dd3-0594-46be-96ba-6a981950aa0f	chr8	131256037	134529477	2	1	1
99d32dd3-0594-46be-96ba-6a981950aa0f	chr8	134529588	137392212	1	1	0
99d32dd3-0594-46be-96ba-6a981950aa0f	chr8	137392682	138543474	2	1	1
99d32dd3-0594-46be-96ba-6a981950aa0f	chr8	138548164	143624714	3	2	1
99d32dd3-0594-46be-96ba-6a981950aa0f	chr8	143624808	144013345	4	2	2
99d32dd3-0594-46be-96ba-6a981950aa0f	chr8	144017211	145072769	3	2	1
99d32dd3-0594-46be-96ba-6a981950aa0f	chr9	46587	3458716	3	3	0
99d32dd3-0594-46be-96ba-6a981950aa0f	chr9	3460842	4001665	4	4	0
99d32dd3-0594-46be-96ba-6a981950aa0f	chr9	4004443	17432634	3	3	0
99d32dd3-0594-46be-96ba-6a981950aa0f	chr9	17436664	18130813	4	4	0
99d32dd3-0594-46be-96ba-6a981950aa0f	chr9	18130870	19849405	3	3	0
99d32dd3-0594-46be-96ba-6a981950aa0f	chr9	19849717	24017286	2	2	0
99d32dd3-0594-46be-96ba-6a981950aa0f	chr9	24018472	24809642	3	3	0
99d32dd3-0594-46be-96ba-6a981950aa0f	chr9	24809987	25964021	5	5	0
99d32dd3-0594-46be-96ba-6a981950aa0f	chr9	25964834	29270143	4	4	0
99d32dd3-0594-46be-96ba-6a981950aa0f	chr9	29276552	30682187	3	3	0
99d32dd3-0594-46be-96ba-6a981950aa0f	chr9	30682489	31119976	4	4	0
99d32dd3-0594-46be-96ba-6a981950aa0f	chr9	31120122	31183387	2	2	0
99d32dd3-0594-46be-96ba-6a981950aa0f	chr9	31183553	31914329	4	4	0
99d32dd3-0594-46be-96ba-6a981950aa0f	chr9	31914689	33144106	3	3	0
99d32dd3-0594-46be-96ba-6a981950aa0f	chr9	33153529	33700903	4	4	0
99d32dd3-0594-46be-96ba-6a981950aa0f	chr9	33702213	34146647	2	2	0
99d32dd3-0594-46be-96ba-6a981950aa0f	chr9	34146778	34999196	3	3	0
99d32dd3-0594-46be-96ba-6a981950aa0f	chr9	34999428	86673425	2	2	0
99d32dd3-0594-46be-96ba-6a981950aa0f	chr9	86674407	86683604	1	1	0
99d32dd3-0594-46be-96ba-6a981950aa0f	chr9	86684840	115323211	2	2	0
99d32dd3-0594-46be-96ba-6a981950aa0f	chr9	115330645	115357910	3	3	0
99d32dd3-0594-46be-96ba-6a981950aa0f	chr9	115358817	129909798	2	2	0
99d32dd3-0594-46be-96ba-6a981950aa0f	chr9	129913236	133729186	3	3	0
99d32dd3-0594-46be-96ba-6a981950aa0f	chr9	133729337	133753192	6	6	0
99d32dd3-0594-46be-96ba-6a981950aa0f	chr9	133753594	138200944	3	3	0
99d32dd3-0594-46be-96ba-6a981950aa0f	chr10	45792	36961408	2	2	0
99d32dd3-0594-46be-96ba-6a981950aa0f	chr10	36964323	37686157	3	2	1
99d32dd3-0594-46be-96ba-6a981950aa0f	chr10	37686577	37894162	4	2	2
99d32dd3-0594-46be-96ba-6a981950aa0f	chr10	37903048	43215930	2	2	0
99d32dd3-0594-46be-96ba-6a981950aa0f	chr10	43222878	49595041	1	1	0
99d32dd3-0594-46be-96ba-6a981950aa0f	chr10	49595914	52388029	2	2	0
99d32dd3-0594-46be-96ba-6a981950aa0f	chr10	52388284	58845737	1	1	0
99d32dd3-0594-46be-96ba-6a981950aa0f	chr10	58846567	65546518	2	2	0
99d32dd3-0594-46be-96ba-6a981950aa0f	chr10	65548165	65554688	0	0	0
99d32dd3-0594-46be-96ba-6a981950aa0f	chr10	65563037	68066222	2	2	0
99d32dd3-0594-46be-96ba-6a981950aa0f	chr10	68076644	69894846	3	2	1
99d32dd3-0594-46be-96ba-6a981950aa0f	chr10	69896594	69977309	5	4	1
99d32dd3-0594-46be-96ba-6a981950aa0f	chr10	69979548	70354104	7	6	1
99d32dd3-0594-46be-96ba-6a981950aa0f	chr10	70354326	70865984	5	5	0
99d32dd3-0594-46be-96ba-6a981950aa0f	chr10	70866566	71013838	4	4	0
99d32dd3-0594-46be-96ba-6a981950aa0f	chr10	71014757	73539577	2	2	0
99d32dd3-0594-46be-96ba-6a981950aa0f	chr10	73541236	75807595	3	2	1
99d32dd3-0594-46be-96ba-6a981950aa0f	chr10	75807970	75854051	2	2	0
99d32dd3-0594-46be-96ba-6a981950aa0f	chr10	75854824	76410390	3	2	1
99d32dd3-0594-46be-96ba-6a981950aa0f	chr10	76414720	77836272	2	2	0
99d32dd3-0594-46be-96ba-6a981950aa0f	chr10	77836537	77898143	1	1	0
99d32dd3-0594-46be-96ba-6a981950aa0f	chr10	77898297	87968222	2	2	0
99d32dd3-0594-46be-96ba-6a981950aa0f	chr10	87968233	115068833	1	1	0
99d32dd3-0594-46be-96ba-6a981950aa0f	chr10	115069012	115077243	2	2	0
99d32dd3-0594-46be-96ba-6a981950aa0f	chr10	115077821	115235920	1	1	0
99d32dd3-0594-46be-96ba-6a981950aa0f	chr10	115236689	123634279	3	3	0
99d32dd3-0594-46be-96ba-6a981950aa0f	chr10	123634912	123695652	5	5	0
99d32dd3-0594-46be-96ba-6a981950aa0f	chr10	123695761	133654968	3	3	0
99d32dd3-0594-46be-96ba-6a981950aa0f	chr11	198510	21587938	3	2	1
99d32dd3-0594-46be-96ba-6a981950aa0f	chr11	21589423	23140134	4	2	2
99d32dd3-0594-46be-96ba-6a981950aa0f	chr11	23140401	63046762	3	2	1
99d32dd3-0594-46be-96ba-6a981950aa0f	chr11	63048608	65523633	2	1	1
99d32dd3-0594-46be-96ba-6a981950aa0f	chr11	65526634	65658019	3	2	1
99d32dd3-0594-46be-96ba-6a981950aa0f	chr11	65661824	79502008	2	1	1
99d32dd3-0594-46be-96ba-6a981950aa0f	chr11	79502551	79565468	3	2	1
99d32dd3-0594-46be-96ba-6a981950aa0f	chr11	79571936	112701078	2	1	1
99d32dd3-0594-46be-96ba-6a981950aa0f	chr11	112701571	112808760	3	2	1
99d32dd3-0594-46be-96ba-6a981950aa0f	chr11	112809285	112820682	5	3	2
99d32dd3-0594-46be-96ba-6a981950aa0f	chr11	112823019	120041973	2	1	1
99d32dd3-0594-46be-96ba-6a981950aa0f	chr11	120044315	120149333	3	2	1
99d32dd3-0594-46be-96ba-6a981950aa0f	chr11	120154535	121168360	2	1	1
99d32dd3-0594-46be-96ba-6a981950aa0f	chr11	121169971	121423651	4	3	1
99d32dd3-0594-46be-96ba-6a981950aa0f	chr11	121431110	135074876	2	1	1
99d32dd3-0594-46be-96ba-6a981950aa0f	chr12	51460	23594231	7	5	2
99d32dd3-0594-46be-96ba-6a981950aa0f	chr12	23594687	23720599	2	2	0
99d32dd3-0594-46be-96ba-6a981950aa0f	chr12	23720860	24534199	7	5	2
99d32dd3-0594-46be-96ba-6a981950aa0f	chr12	24539449	24851797	10	8	2
99d32dd3-0594-46be-96ba-6a981950aa0f	chr12	24853402	25500930	13	12	1
99d32dd3-0594-46be-96ba-6a981950aa0f	chr12	25501511	26269715	18	17	1
99d32dd3-0594-46be-96ba-6a981950aa0f	chr12	26270823	29121722	12	10	2
99d32dd3-0594-46be-96ba-6a981950aa0f	chr12	29121768	29554068	14	12	2
99d32dd3-0594-46be-96ba-6a981950aa0f	chr12	29554319	31597368	8	6	2
99d32dd3-0594-46be-96ba-6a981950aa0f	chr12	31603221	31900506	14	12	2
99d32dd3-0594-46be-96ba-6a981950aa0f	chr12	31903208	37678684	8	6	2
99d32dd3-0594-46be-96ba-6a981950aa0f	chr12	37687479	38342001	16	16	0
99d32dd3-0594-46be-96ba-6a981950aa0f	chr12	38342923	39272396	10	8	2
99d32dd3-0594-46be-96ba-6a981950aa0f	chr12	39273218	41255385	3	2	1
99d32dd3-0594-46be-96ba-6a981950aa0f	chr12	41259129	41319017	7	5	2
99d32dd3-0594-46be-96ba-6a981950aa0f	chr12	41324736	52526630	3	2	1
99d32dd3-0594-46be-96ba-6a981950aa0f	chr12	52527431	52534131	6	4	2
99d32dd3-0594-46be-96ba-6a981950aa0f	chr12	52534709	52664218	3	2	1
99d32dd3-0594-46be-96ba-6a981950aa0f	chr12	52664267	52676718	6	4	2
99d32dd3-0594-46be-96ba-6a981950aa0f	chr12	52676904	70708606	3	2	1
99d32dd3-0594-46be-96ba-6a981950aa0f	chr12	70709613	70776971	2	1	1
99d32dd3-0594-46be-96ba-6a981950aa0f	chr12	70779300	86861562	3	2	1
99d32dd3-0594-46be-96ba-6a981950aa0f	chr12	86861637	87026970	2	1	1
99d32dd3-0594-46be-96ba-6a981950aa0f	chr12	87027825	111744441	3	2	1
99d32dd3-0594-46be-96ba-6a981950aa0f	chr12	111746083	112305510	4	2	2
99d32dd3-0594-46be-96ba-6a981950aa0f	chr12	112306830	130916107	3	2	1
99d32dd3-0594-46be-96ba-6a981950aa0f	chr12	130917046	133201603	2	1	1
99d32dd3-0594-46be-96ba-6a981950aa0f	chr13	18452809	32748536	3	3	0
99d32dd3-0594-46be-96ba-6a981950aa0f	chr13	32749274	34589809	2	2	0
99d32dd3-0594-46be-96ba-6a981950aa0f	chr13	34590169	36264770	4	4	0
99d32dd3-0594-46be-96ba-6a981950aa0f	chr13	36267474	49308464	3	3	0
99d32dd3-0594-46be-96ba-6a981950aa0f	chr13	49312196	51106604	4	4	0
99d32dd3-0594-46be-96ba-6a981950aa0f	chr13	51109918	88408367	3	3	0
99d32dd3-0594-46be-96ba-6a981950aa0f	chr13	88408483	88862637	2	2	0
99d32dd3-0594-46be-96ba-6a981950aa0f	chr13	88863410	114342922	3	3	0
99d32dd3-0594-46be-96ba-6a981950aa0f	chr14	18239283	27474938	2	1	1
99d32dd3-0594-46be-96ba-6a981950aa0f	chr14	27478370	29183532	5	4	1
99d32dd3-0594-46be-96ba-6a981950aa0f	chr14	29185607	41104297	2	1	1
99d32dd3-0594-46be-96ba-6a981950aa0f	chr14	41104570	42126866	3	2	1
99d32dd3-0594-46be-96ba-6a981950aa0f	chr14	42127015	42431617	5	3	2
99d32dd3-0594-46be-96ba-6a981950aa0f	chr14	42435242	42631598	3	2	1
99d32dd3-0594-46be-96ba-6a981950aa0f	chr14	42637857	76551711	2	1	1
99d32dd3-0594-46be-96ba-6a981950aa0f	chr14	76552169	76631718	4	3	1
99d32dd3-0594-46be-96ba-6a981950aa0f	chr14	76635013	81323594	2	1	1
99d32dd3-0594-46be-96ba-6a981950aa0f	chr14	81323923	81888050	3	2	1
99d32dd3-0594-46be-96ba-6a981950aa0f	chr14	81889231	96607191	2	1	1
99d32dd3-0594-46be-96ba-6a981950aa0f	chr14	96608477	98628743	3	2	1
99d32dd3-0594-46be-96ba-6a981950aa0f	chr14	98628946	102383330	2	1	1
99d32dd3-0594-46be-96ba-6a981950aa0f	chr14	102385265	103119256	3	2	1
99d32dd3-0594-46be-96ba-6a981950aa0f	chr14	103125428	103590895	2	1	1
99d32dd3-0594-46be-96ba-6a981950aa0f	chr14	103590939	103595133	1	1	0
99d32dd3-0594-46be-96ba-6a981950aa0f	chr14	103595322	103677591	2	2	0
99d32dd3-0594-46be-96ba-6a981950aa0f	chr14	103685457	104793561	1	1	0
99d32dd3-0594-46be-96ba-6a981950aa0f	chr14	104793592	106670409	2	2	0
99d32dd3-0594-46be-96ba-6a981950aa0f	chr14	106670633	106877229	1	1	0
99d32dd3-0594-46be-96ba-6a981950aa0f	chr15	19811075	24469643	2	2	0
99d32dd3-0594-46be-96ba-6a981950aa0f	chr15	24469692	29312378	1	1	0
99d32dd3-0594-46be-96ba-6a981950aa0f	chr15	29312594	30515739	2	2	0
99d32dd3-0594-46be-96ba-6a981950aa0f	chr15	30595753	31922040	1	1	0
99d32dd3-0594-46be-96ba-6a981950aa0f	chr15	31922236	31992984	3	2	1
99d32dd3-0594-46be-96ba-6a981950aa0f	chr15	31997535	32491973	10	9	1
99d32dd3-0594-46be-96ba-6a981950aa0f	chr15	32504134	33335039	5	4	1
99d32dd3-0594-46be-96ba-6a981950aa0f	chr15	33336639	33918439	4	3	1
99d32dd3-0594-46be-96ba-6a981950aa0f	chr15	33921193	36717840	1	1	0
99d32dd3-0594-46be-96ba-6a981950aa0f	chr15	36720620	36951985	2	2	0
99d32dd3-0594-46be-96ba-6a981950aa0f	chr15	36952715	46515193	1	1	0
99d32dd3-0594-46be-96ba-6a981950aa0f	chr15	46521712	51243825	2	1	1
99d32dd3-0594-46be-96ba-6a981950aa0f	chr15	51243944	51255741	4	2	2
99d32dd3-0594-46be-96ba-6a981950aa0f	chr15	51256113	58085112	2	1	1
99d32dd3-0594-46be-96ba-6a981950aa0f	chr15	58088923	61023682	3	2	1
99d32dd3-0594-46be-96ba-6a981950aa0f	chr15	61023813	61033975	5	3	2
99d32dd3-0594-46be-96ba-6a981950aa0f	chr15	61034407	71336239	3	2	1
99d32dd3-0594-46be-96ba-6a981950aa0f	chr15	71336520	71586842	4	2	2
99d32dd3-0594-46be-96ba-6a981950aa0f	chr15	71587967	76598900	3	2	1
99d32dd3-0594-46be-96ba-6a981950aa0f	chr15	76599170	76603434	0	0	0
99d32dd3-0594-46be-96ba-6a981950aa0f	chr15	76609838	89976554	3	2	1
99d32dd3-0594-46be-96ba-6a981950aa0f	chr15	89978587	90261474	4	3	1
99d32dd3-0594-46be-96ba-6a981950aa0f	chr15	90261581	101928837	3	2	1
99d32dd3-0594-46be-96ba-6a981950aa0f	chr16	10777	9240350	2	2	0
99d32dd3-0594-46be-96ba-6a981950aa0f	chr16	9241461	9249685	4	4	0
99d32dd3-0594-46be-96ba-6a981950aa0f	chr16	9252591	90096867	2	2	0
99d32dd3-0594-46be-96ba-6a981950aa0f	chr17	150733	27978841	2	2	0
99d32dd3-0594-46be-96ba-6a981950aa0f	chr17	27979045	29606214	3	3	0
99d32dd3-0594-46be-96ba-6a981950aa0f	chr17	29626585	39530167	1	1	0
99d32dd3-0594-46be-96ba-6a981950aa0f	chr17	39530410	39910014	2	2	0
99d32dd3-0594-46be-96ba-6a981950aa0f	chr17	39910767	41723641	1	1	0
99d32dd3-0594-46be-96ba-6a981950aa0f	chr17	41725478	43386453	2	2	0
99d32dd3-0594-46be-96ba-6a981950aa0f	chr17	43395466	44022778	5	5	0
99d32dd3-0594-46be-96ba-6a981950aa0f	chr17	44024938	46791697	3	3	0
99d32dd3-0594-46be-96ba-6a981950aa0f	chr17	46792201	47525646	2	2	0
99d32dd3-0594-46be-96ba-6a981950aa0f	chr17	47533708	48065318	8	8	0
99d32dd3-0594-46be-96ba-6a981950aa0f	chr17	48067838	50228806	3	3	0
99d32dd3-0594-46be-96ba-6a981950aa0f	chr17	50229949	83091923	2	2	0
99d32dd3-0594-46be-96ba-6a981950aa0f	chr18	48133	1723387	2	1	1
99d32dd3-0594-46be-96ba-6a981950aa0f	chr18	1725757	1838111	1	1	0
99d32dd3-0594-46be-96ba-6a981950aa0f	chr18	1841468	7907681	2	1	1
99d32dd3-0594-46be-96ba-6a981950aa0f	chr18	7909133	7977470	4	2	2
99d32dd3-0594-46be-96ba-6a981950aa0f	chr18	7977686	7978040	3	3	0
99d32dd3-0594-46be-96ba-6a981950aa0f	chr18	7978208	11566595	4	3	1
99d32dd3-0594-46be-96ba-6a981950aa0f	chr18	11567558	15402409	3	2	1
99d32dd3-0594-46be-96ba-6a981950aa0f	chr18	20949392	28351933	4	2	2
99d32dd3-0594-46be-96ba-6a981950aa0f	chr18	28354331	32623982	5	3	2
99d32dd3-0594-46be-96ba-6a981950aa0f	chr18	32624266	38416601	3	2	1
99d32dd3-0594-46be-96ba-6a981950aa0f	chr18	38418662	39371087	4	3	1
99d32dd3-0594-46be-96ba-6a981950aa0f	chr18	39373941	41375161	5	3	2
99d32dd3-0594-46be-96ba-6a981950aa0f	chr18	41375352	42614339	6	4	2
99d32dd3-0594-46be-96ba-6a981950aa0f	chr18	42615829	43600061	5	4	1
99d32dd3-0594-46be-96ba-6a981950aa0f	chr18	43600174	43962939	9	7	2
99d32dd3-0594-46be-96ba-6a981950aa0f	chr18	43963972	46374967	11	10	1
99d32dd3-0594-46be-96ba-6a981950aa0f	chr18	46376595	53864783	3	2	1
99d32dd3-0594-46be-96ba-6a981950aa0f	chr18	53866005	60463843	2	1	1
99d32dd3-0594-46be-96ba-6a981950aa0f	chr18	60468612	80257174	3	2	1
99d32dd3-0594-46be-96ba-6a981950aa0f	chr19	90910	8222932	2	2	0
99d32dd3-0594-46be-96ba-6a981950aa0f	chr19	8222955	20975116	4	4	0
99d32dd3-0594-46be-96ba-6a981950aa0f	chr19	20975328	24400510	2	2	0
99d32dd3-0594-46be-96ba-6a981950aa0f	chr19	24413948	27667215	11	10	1
99d32dd3-0594-46be-96ba-6a981950aa0f	chr19	27672540	30612959	22	21	1
99d32dd3-0594-46be-96ba-6a981950aa0f	chr19	30619326	34448990	3	2	1
99d32dd3-0594-46be-96ba-6a981950aa0f	chr19	34449467	34764294	5	4	1
99d32dd3-0594-46be-96ba-6a981950aa0f	chr19	34765610	46070227	3	2	1
99d32dd3-0594-46be-96ba-6a981950aa0f	chr19	46070306	46429511	5	4	1
99d32dd3-0594-46be-96ba-6a981950aa0f	chr19	46432984	56119948	3	2	1
99d32dd3-0594-46be-96ba-6a981950aa0f	chr19	56126122	58586487	1	1	0
99d32dd3-0594-46be-96ba-6a981950aa0f	chr20	80664	8844039	2	1	1
99d32dd3-0594-46be-96ba-6a981950aa0f	chr20	8846683	9263135	1	1	0
99d32dd3-0594-46be-96ba-6a981950aa0f	chr20	9264960	18186561	2	1	1
99d32dd3-0594-46be-96ba-6a981950aa0f	chr20	18187709	18423151	1	1	0
99d32dd3-0594-46be-96ba-6a981950aa0f	chr20	18424530	22785178	2	1	1
99d32dd3-0594-46be-96ba-6a981950aa0f	chr20	22786190	24623677	3	2	1
99d32dd3-0594-46be-96ba-6a981950aa0f	chr20	24628254	25740579	5	4	1
99d32dd3-0594-46be-96ba-6a981950aa0f	chr20	25740612	32852337	4	3	1
99d32dd3-0594-46be-96ba-6a981950aa0f	chr20	32852422	36385330	5	4	1
99d32dd3-0594-46be-96ba-6a981950aa0f	chr20	36387893	37719538	4	3	1
99d32dd3-0594-46be-96ba-6a981950aa0f	chr20	37721107	44709577	3	2	1
99d32dd3-0594-46be-96ba-6a981950aa0f	chr20	44711204	45931737	5	4	1
99d32dd3-0594-46be-96ba-6a981950aa0f	chr20	45931762	46293546	4	3	1
99d32dd3-0594-46be-96ba-6a981950aa0f	chr20	46294111	46661285	6	5	1
99d32dd3-0594-46be-96ba-6a981950aa0f	chr20	46661469	47328322	8	7	1
99d32dd3-0594-46be-96ba-6a981950aa0f	chr20	47329246	48366958	6	5	1
99d32dd3-0594-46be-96ba-6a981950aa0f	chr20	48366987	51186108	5	4	1
99d32dd3-0594-46be-96ba-6a981950aa0f	chr20	51186143	51530861	7	6	1
99d32dd3-0594-46be-96ba-6a981950aa0f	chr20	51530897	54709776	5	4	1
99d32dd3-0594-46be-96ba-6a981950aa0f	chr20	54711882	64324800	4	3	1
99d32dd3-0594-46be-96ba-6a981950aa0f	chr21	12973348	31778772	1	1	0
99d32dd3-0594-46be-96ba-6a981950aa0f	chr21	31779583	32572940	2	1	1
99d32dd3-0594-46be-96ba-6a981950aa0f	chr21	32574236	34323161	3	2	1
99d32dd3-0594-46be-96ba-6a981950aa0f	chr21	34324044	46677045	2	1	1
99d32dd3-0594-46be-96ba-6a981950aa0f	chr22	16392123	17824868	2	2	0
99d32dd3-0594-46be-96ba-6a981950aa0f	chr22	17826053	17833760	3	3	0
99d32dd3-0594-46be-96ba-6a981950aa0f	chr22	17833854	29210775	2	2	0
99d32dd3-0594-46be-96ba-6a981950aa0f	chr22	29211268	29292643	3	3	0
99d32dd3-0594-46be-96ba-6a981950aa0f	chr22	29293138	31619064	2	2	0
99d32dd3-0594-46be-96ba-6a981950aa0f	chr22	31623352	32440722	3	3	0
99d32dd3-0594-46be-96ba-6a981950aa0f	chr22	32442268	44269198	2	2	0
99d32dd3-0594-46be-96ba-6a981950aa0f	chr22	44269237	45050450	1	1	0
99d32dd3-0594-46be-96ba-6a981950aa0f	chr22	45051049	45945382	3	3	0
99d32dd3-0594-46be-96ba-6a981950aa0f	chr22	45956611	46155943	5	5	0
99d32dd3-0594-46be-96ba-6a981950aa0f	chr22	46158704	46489128	3	3	0
99d32dd3-0594-46be-96ba-6a981950aa0f	chr22	46490139	48622421	1	1	0
99d32dd3-0594-46be-96ba-6a981950aa0f	chr22	48624198	48649851	4	4	0
99d32dd3-0594-46be-96ba-6a981950aa0f	chr22	48649916	49163868	2	2	0
99d32dd3-0594-46be-96ba-6a981950aa0f	chr22	49172304	50796027	1	1	0
99d32dd3-0594-46be-96ba-6a981950aa0f	chrX	251810	46388037	1	1	0
99d32dd3-0594-46be-96ba-6a981950aa0f	chrX	46390939	47592737	14	14	0
99d32dd3-0594-46be-96ba-6a981950aa0f	chrX	47592851	48879860	10	10	0
99d32dd3-0594-46be-96ba-6a981950aa0f	chrX	48883766	52425586	15	15	0
99d32dd3-0594-46be-96ba-6a981950aa0f	chrX	52544810	54916300	2	2	0
99d32dd3-0594-46be-96ba-6a981950aa0f	chrX	54924314	55854402	1	1	0
99d32dd3-0594-46be-96ba-6a981950aa0f	chrX	55857471	63688570	2	2	0
99d32dd3-0594-46be-96ba-6a981950aa0f	chrX	63689366	63805857	1	1	0
99d32dd3-0594-46be-96ba-6a981950aa0f	chrX	63808076	74340041	2	2	0
99d32dd3-0594-46be-96ba-6a981950aa0f	chrX	74340590	91870256	1	1	0
99d32dd3-0594-46be-96ba-6a981950aa0f	chrX	91871249	94340835	7	7	0
99d32dd3-0594-46be-96ba-6a981950aa0f	chrX	94341096	94347981	2	2	0
99d32dd3-0594-46be-96ba-6a981950aa0f	chrX	94348514	94795740	6	6	0
99d32dd3-0594-46be-96ba-6a981950aa0f	chrX	94801264	95448911	3	3	0
99d32dd3-0594-46be-96ba-6a981950aa0f	chrX	95450902	124573888	1	1	0
99d32dd3-0594-46be-96ba-6a981950aa0f	chrX	124575218	124577144	0	0	0
99d32dd3-0594-46be-96ba-6a981950aa0f	chrX	124577155	145215329	1	1	0
99d32dd3-0594-46be-96ba-6a981950aa0f	chrX	145218098	145219150	0	0	0
99d32dd3-0594-46be-96ba-6a981950aa0f	chrX	145219488	156004181	1	1	0
99d32dd3-0594-46be-96ba-6a981950aa0f	chrY	2782397	56872112	0	0	0
