GDC_Aliquot	Chromosome	Start	End	Copy_Number	Major_Copy_Number	Minor_Copy_Number
2dd5f72c-3f5e-4cf5-85c1-7a550e69578f	chr1	62920	15574022	2	2	0
2dd5f72c-3f5e-4cf5-85c1-7a550e69578f	chr1	15574042	15592181	4	4	0
2dd5f72c-3f5e-4cf5-85c1-7a550e69578f	chr1	15592244	38806600	2	2	0
2dd5f72c-3f5e-4cf5-85c1-7a550e69578f	chr1	38808453	114835411	3	2	1
2dd5f72c-3f5e-4cf5-85c1-7a550e69578f	chr1	114835784	121705338	4	2	2
2dd5f72c-3f5e-4cf5-85c1-7a550e69578f	chr1	143541857	175031221	5	3	2
2dd5f72c-3f5e-4cf5-85c1-7a550e69578f	chr1	175033554	197925418	4	2	2
2dd5f72c-3f5e-4cf5-85c1-7a550e69578f	chr1	197926587	200624306	3	2	1
2dd5f72c-3f5e-4cf5-85c1-7a550e69578f	chr1	200624340	248930189	4	2	2
2dd5f72c-3f5e-4cf5-85c1-7a550e69578f	chr2	12784	22512171	4	2	2
2dd5f72c-3f5e-4cf5-85c1-7a550e69578f	chr2	22512769	23361550	3	2	1
2dd5f72c-3f5e-4cf5-85c1-7a550e69578f	chr2	23361665	28135085	4	2	2
2dd5f72c-3f5e-4cf5-85c1-7a550e69578f	chr2	28135467	28136629	7	4	3
2dd5f72c-3f5e-4cf5-85c1-7a550e69578f	chr2	28140730	43427020	4	2	2
2dd5f72c-3f5e-4cf5-85c1-7a550e69578f	chr2	43427177	64438201	3	2	1
2dd5f72c-3f5e-4cf5-85c1-7a550e69578f	chr2	64440674	64463493	1	1	0
2dd5f72c-3f5e-4cf5-85c1-7a550e69578f	chr2	64465879	146106861	3	2	1
2dd5f72c-3f5e-4cf5-85c1-7a550e69578f	chr2	146106875	146109366	0	0	0
2dd5f72c-3f5e-4cf5-85c1-7a550e69578f	chr2	146120238	165539896	3	2	1
2dd5f72c-3f5e-4cf5-85c1-7a550e69578f	chr2	165539975	167746894	1	1	0
2dd5f72c-3f5e-4cf5-85c1-7a550e69578f	chr2	167753441	171639456	2	2	0
2dd5f72c-3f5e-4cf5-85c1-7a550e69578f	chr2	171641652	192854227	4	2	2
2dd5f72c-3f5e-4cf5-85c1-7a550e69578f	chr2	192858937	204679095	3	2	1
2dd5f72c-3f5e-4cf5-85c1-7a550e69578f	chr2	204679108	205502646	2	2	0
2dd5f72c-3f5e-4cf5-85c1-7a550e69578f	chr2	205503275	242147305	3	2	1
2dd5f72c-3f5e-4cf5-85c1-7a550e69578f	chr3	20930	4560550	3	2	1
2dd5f72c-3f5e-4cf5-85c1-7a550e69578f	chr3	4560814	4565449	1	1	0
2dd5f72c-3f5e-4cf5-85c1-7a550e69578f	chr3	4565547	55747937	3	2	1
2dd5f72c-3f5e-4cf5-85c1-7a550e69578f	chr3	55748741	76237877	4	2	2
2dd5f72c-3f5e-4cf5-85c1-7a550e69578f	chr3	76239900	87555730	2	2	0
2dd5f72c-3f5e-4cf5-85c1-7a550e69578f	chr3	87557706	87646555	7	5	2
2dd5f72c-3f5e-4cf5-85c1-7a550e69578f	chr3	87646831	130124631	4	2	2
2dd5f72c-3f5e-4cf5-85c1-7a550e69578f	chr3	130125709	141648588	6	4	2
2dd5f72c-3f5e-4cf5-85c1-7a550e69578f	chr3	141650109	141707293	5	3	2
2dd5f72c-3f5e-4cf5-85c1-7a550e69578f	chr3	141707807	162822702	7	5	2
2dd5f72c-3f5e-4cf5-85c1-7a550e69578f	chr3	162827928	162911011	14	14	0
2dd5f72c-3f5e-4cf5-85c1-7a550e69578f	chr3	162911124	186576101	7	5	2
2dd5f72c-3f5e-4cf5-85c1-7a550e69578f	chr3	186576159	188829363	4	4	0
2dd5f72c-3f5e-4cf5-85c1-7a550e69578f	chr3	188832721	193946236	3	3	0
2dd5f72c-3f5e-4cf5-85c1-7a550e69578f	chr3	193946332	198169247	4	4	0
2dd5f72c-3f5e-4cf5-85c1-7a550e69578f	chr4	68929	10208322	4	4	0
2dd5f72c-3f5e-4cf5-85c1-7a550e69578f	chr4	10208339	10233542	0	0	0
2dd5f72c-3f5e-4cf5-85c1-7a550e69578f	chr4	10233558	12270788	4	4	0
2dd5f72c-3f5e-4cf5-85c1-7a550e69578f	chr4	12294233	14397229	2	2	0
2dd5f72c-3f5e-4cf5-85c1-7a550e69578f	chr4	14398530	14447884	3	3	0
2dd5f72c-3f5e-4cf5-85c1-7a550e69578f	chr4	14448963	42725738	2	2	0
2dd5f72c-3f5e-4cf5-85c1-7a550e69578f	chr4	42727510	57208397	4	2	2
2dd5f72c-3f5e-4cf5-85c1-7a550e69578f	chr4	57209727	82616116	2	2	0
2dd5f72c-3f5e-4cf5-85c1-7a550e69578f	chr4	82616624	82642836	3	3	0
2dd5f72c-3f5e-4cf5-85c1-7a550e69578f	chr4	82643383	100569493	2	2	0
2dd5f72c-3f5e-4cf5-85c1-7a550e69578f	chr4	100569750	100602637	1	1	0
2dd5f72c-3f5e-4cf5-85c1-7a550e69578f	chr4	100602664	102196132	2	2	0
2dd5f72c-3f5e-4cf5-85c1-7a550e69578f	chr4	102196669	129180530	4	4	0
2dd5f72c-3f5e-4cf5-85c1-7a550e69578f	chr4	129188594	190106768	5	5	0
2dd5f72c-3f5e-4cf5-85c1-7a550e69578f	chr5	15532	50146124	3	2	1
2dd5f72c-3f5e-4cf5-85c1-7a550e69578f	chr5	50151472	93476715	2	2	0
2dd5f72c-3f5e-4cf5-85c1-7a550e69578f	chr5	93478084	128633634	4	2	2
2dd5f72c-3f5e-4cf5-85c1-7a550e69578f	chr5	128635874	152276738	3	2	1
2dd5f72c-3f5e-4cf5-85c1-7a550e69578f	chr5	152278641	152291355	5	3	2
2dd5f72c-3f5e-4cf5-85c1-7a550e69578f	chr5	152292403	181363319	3	2	1
2dd5f72c-3f5e-4cf5-85c1-7a550e69578f	chr6	149661	77524928	4	2	2
2dd5f72c-3f5e-4cf5-85c1-7a550e69578f	chr6	77525317	77528187	3	2	1
2dd5f72c-3f5e-4cf5-85c1-7a550e69578f	chr6	77536799	77552024	6	3	3
2dd5f72c-3f5e-4cf5-85c1-7a550e69578f	chr6	77558139	90440893	4	2	2
2dd5f72c-3f5e-4cf5-85c1-7a550e69578f	chr6	90441374	90448972	2	1	1
2dd5f72c-3f5e-4cf5-85c1-7a550e69578f	chr6	90449791	107259736	4	2	2
2dd5f72c-3f5e-4cf5-85c1-7a550e69578f	chr6	107263588	170741917	2	2	0
2dd5f72c-3f5e-4cf5-85c1-7a550e69578f	chr7	43259	11303447	2	2	0
2dd5f72c-3f5e-4cf5-85c1-7a550e69578f	chr7	11305492	11310078	4	4	0
2dd5f72c-3f5e-4cf5-85c1-7a550e69578f	chr7	11310213	25715968	2	2	0
2dd5f72c-3f5e-4cf5-85c1-7a550e69578f	chr7	25716736	43227217	3	2	1
2dd5f72c-3f5e-4cf5-85c1-7a550e69578f	chr7	43228947	43248885	2	1	1
2dd5f72c-3f5e-4cf5-85c1-7a550e69578f	chr7	43249447	43279502	1	1	0
2dd5f72c-3f5e-4cf5-85c1-7a550e69578f	chr7	43282243	70219548	3	2	1
2dd5f72c-3f5e-4cf5-85c1-7a550e69578f	chr7	70220137	72020626	2	1	1
2dd5f72c-3f5e-4cf5-85c1-7a550e69578f	chr7	72021944	76861124	3	2	1
2dd5f72c-3f5e-4cf5-85c1-7a550e69578f	chr7	76861564	102282046	2	1	1
2dd5f72c-3f5e-4cf5-85c1-7a550e69578f	chr7	102297475	105259522	4	3	1
2dd5f72c-3f5e-4cf5-85c1-7a550e69578f	chr7	105264610	110502194	3	3	0
2dd5f72c-3f5e-4cf5-85c1-7a550e69578f	chr7	110502297	110540711	0	0	0
2dd5f72c-3f5e-4cf5-85c1-7a550e69578f	chr7	110551012	159334314	3	3	0
2dd5f72c-3f5e-4cf5-85c1-7a550e69578f	chr8	81254	9162745	2	2	0
2dd5f72c-3f5e-4cf5-85c1-7a550e69578f	chr8	9162929	9330609	0	0	0
2dd5f72c-3f5e-4cf5-85c1-7a550e69578f	chr8	9332461	38179909	2	2	0
2dd5f72c-3f5e-4cf5-85c1-7a550e69578f	chr8	38186240	49946976	4	2	2
2dd5f72c-3f5e-4cf5-85c1-7a550e69578f	chr8	49949461	49974005	2	1	1
2dd5f72c-3f5e-4cf5-85c1-7a550e69578f	chr8	49974140	50064823	2	2	0
2dd5f72c-3f5e-4cf5-85c1-7a550e69578f	chr8	50067760	77390403	4	2	2
2dd5f72c-3f5e-4cf5-85c1-7a550e69578f	chr8	77392078	81244347	6	4	2
2dd5f72c-3f5e-4cf5-85c1-7a550e69578f	chr8	81244665	81388172	7	5	2
2dd5f72c-3f5e-4cf5-85c1-7a550e69578f	chr8	81388474	104685784	5	4	1
2dd5f72c-3f5e-4cf5-85c1-7a550e69578f	chr8	104686946	106942753	6	4	2
2dd5f72c-3f5e-4cf5-85c1-7a550e69578f	chr8	106942987	108864061	6	5	1
2dd5f72c-3f5e-4cf5-85c1-7a550e69578f	chr8	108874183	130801676	8	4	4
2dd5f72c-3f5e-4cf5-85c1-7a550e69578f	chr8	130802053	145072769	9	5	4
2dd5f72c-3f5e-4cf5-85c1-7a550e69578f	chr9	46587	131788548	4	2	2
2dd5f72c-3f5e-4cf5-85c1-7a550e69578f	chr9	131788811	138200944	4	3	1
2dd5f72c-3f5e-4cf5-85c1-7a550e69578f	chr10	45792	14384541	4	2	2
2dd5f72c-3f5e-4cf5-85c1-7a550e69578f	chr10	14386026	14393213	7	4	3
2dd5f72c-3f5e-4cf5-85c1-7a550e69578f	chr10	14393681	45039506	4	2	2
2dd5f72c-3f5e-4cf5-85c1-7a550e69578f	chr10	45044812	69691684	2	2	0
2dd5f72c-3f5e-4cf5-85c1-7a550e69578f	chr10	69692529	69742479	3	3	0
2dd5f72c-3f5e-4cf5-85c1-7a550e69578f	chr10	69742882	108942229	2	2	0
2dd5f72c-3f5e-4cf5-85c1-7a550e69578f	chr10	108942423	125086928	4	2	2
2dd5f72c-3f5e-4cf5-85c1-7a550e69578f	chr10	125087710	125088966	1	1	0
2dd5f72c-3f5e-4cf5-85c1-7a550e69578f	chr10	125089509	129800944	4	2	2
2dd5f72c-3f5e-4cf5-85c1-7a550e69578f	chr10	129801229	129914718	5	3	2
2dd5f72c-3f5e-4cf5-85c1-7a550e69578f	chr10	129916025	133654968	4	2	2
2dd5f72c-3f5e-4cf5-85c1-7a550e69578f	chr11	198510	3509441	2	2	0
2dd5f72c-3f5e-4cf5-85c1-7a550e69578f	chr11	3510186	26648819	3	2	1
2dd5f72c-3f5e-4cf5-85c1-7a550e69578f	chr11	26648926	26653170	5	3	2
2dd5f72c-3f5e-4cf5-85c1-7a550e69578f	chr11	26653221	45131139	3	2	1
2dd5f72c-3f5e-4cf5-85c1-7a550e69578f	chr11	45131274	46357200	4	2	2
2dd5f72c-3f5e-4cf5-85c1-7a550e69578f	chr11	46357892	49456156	3	2	1
2dd5f72c-3f5e-4cf5-85c1-7a550e69578f	chr11	49458363	58513190	4	2	2
2dd5f72c-3f5e-4cf5-85c1-7a550e69578f	chr11	58519413	58938525	3	2	1
2dd5f72c-3f5e-4cf5-85c1-7a550e69578f	chr11	58938591	69148117	4	2	2
2dd5f72c-3f5e-4cf5-85c1-7a550e69578f	chr11	69148379	70545611	5	3	2
2dd5f72c-3f5e-4cf5-85c1-7a550e69578f	chr11	70546243	70553041	9	6	3
2dd5f72c-3f5e-4cf5-85c1-7a550e69578f	chr11	70553754	81223113	5	3	2
2dd5f72c-3f5e-4cf5-85c1-7a550e69578f	chr11	81226161	81237675	8	5	3
2dd5f72c-3f5e-4cf5-85c1-7a550e69578f	chr11	81238307	96241817	5	3	2
2dd5f72c-3f5e-4cf5-85c1-7a550e69578f	chr11	96241953	96246636	8	5	3
2dd5f72c-3f5e-4cf5-85c1-7a550e69578f	chr11	96249404	125392440	5	3	2
2dd5f72c-3f5e-4cf5-85c1-7a550e69578f	chr11	125395246	128325765	6	3	3
2dd5f72c-3f5e-4cf5-85c1-7a550e69578f	chr11	128326677	135074876	8	5	3
2dd5f72c-3f5e-4cf5-85c1-7a550e69578f	chr12	51460	9477960	4	2	2
2dd5f72c-3f5e-4cf5-85c1-7a550e69578f	chr12	9481274	9575696	0	0	0
2dd5f72c-3f5e-4cf5-85c1-7a550e69578f	chr12	9582373	11351041	4	2	2
2dd5f72c-3f5e-4cf5-85c1-7a550e69578f	chr12	11358643	11388095	1	1	0
2dd5f72c-3f5e-4cf5-85c1-7a550e69578f	chr12	11390452	52526630	4	2	2
2dd5f72c-3f5e-4cf5-85c1-7a550e69578f	chr12	52527431	52531875	9	5	4
2dd5f72c-3f5e-4cf5-85c1-7a550e69578f	chr12	52532185	71486883	4	2	2
2dd5f72c-3f5e-4cf5-85c1-7a550e69578f	chr12	71490613	82773177	2	2	0
2dd5f72c-3f5e-4cf5-85c1-7a550e69578f	chr12	82774282	82814015	0	0	0
2dd5f72c-3f5e-4cf5-85c1-7a550e69578f	chr12	82821602	133201603	2	2	0
2dd5f72c-3f5e-4cf5-85c1-7a550e69578f	chr13	18452809	22179954	2	2	0
2dd5f72c-3f5e-4cf5-85c1-7a550e69578f	chr13	22179981	22206598	3	3	0
2dd5f72c-3f5e-4cf5-85c1-7a550e69578f	chr13	22206640	48412337	2	2	0
2dd5f72c-3f5e-4cf5-85c1-7a550e69578f	chr13	48412896	48448588	0	0	0
2dd5f72c-3f5e-4cf5-85c1-7a550e69578f	chr13	48461331	114342922	2	2	0
2dd5f72c-3f5e-4cf5-85c1-7a550e69578f	chr14	18239283	20054410	6	3	3
2dd5f72c-3f5e-4cf5-85c1-7a550e69578f	chr14	20054562	22143351	4	2	2
2dd5f72c-3f5e-4cf5-85c1-7a550e69578f	chr14	22143460	22144334	1	1	0
2dd5f72c-3f5e-4cf5-85c1-7a550e69578f	chr14	22145507	50111950	4	2	2
2dd5f72c-3f5e-4cf5-85c1-7a550e69578f	chr14	50114371	73397954	2	2	0
2dd5f72c-3f5e-4cf5-85c1-7a550e69578f	chr14	73399267	97527753	4	4	0
2dd5f72c-3f5e-4cf5-85c1-7a550e69578f	chr14	97528682	98693720	2	2	0
2dd5f72c-3f5e-4cf5-85c1-7a550e69578f	chr14	98695844	105803674	4	2	2
2dd5f72c-3f5e-4cf5-85c1-7a550e69578f	chr14	105806643	106365807	8	8	0
2dd5f72c-3f5e-4cf5-85c1-7a550e69578f	chr14	106369985	106877229	4	4	0
2dd5f72c-3f5e-4cf5-85c1-7a550e69578f	chr15	19811075	33034981	2	2	0
2dd5f72c-3f5e-4cf5-85c1-7a550e69578f	chr15	33036854	33044072	1	1	0
2dd5f72c-3f5e-4cf5-85c1-7a550e69578f	chr15	33044504	69316665	2	2	0
2dd5f72c-3f5e-4cf5-85c1-7a550e69578f	chr15	69317157	71375388	3	3	0
2dd5f72c-3f5e-4cf5-85c1-7a550e69578f	chr15	71375801	101928837	2	2	0
2dd5f72c-3f5e-4cf5-85c1-7a550e69578f	chr16	10777	2021834	5	4	1
2dd5f72c-3f5e-4cf5-85c1-7a550e69578f	chr16	2039005	51712732	3	2	1
2dd5f72c-3f5e-4cf5-85c1-7a550e69578f	chr16	51713905	52733836	2	2	0
2dd5f72c-3f5e-4cf5-85c1-7a550e69578f	chr16	52733977	74652792	3	2	1
2dd5f72c-3f5e-4cf5-85c1-7a550e69578f	chr16	74657366	78949582	2	2	0
2dd5f72c-3f5e-4cf5-85c1-7a550e69578f	chr16	78949652	79300842	3	2	1
2dd5f72c-3f5e-4cf5-85c1-7a550e69578f	chr16	79301336	84093254	2	2	0
2dd5f72c-3f5e-4cf5-85c1-7a550e69578f	chr16	84093434	90096867	3	2	1
2dd5f72c-3f5e-4cf5-85c1-7a550e69578f	chr17	150733	1512616	4	4	0
2dd5f72c-3f5e-4cf5-85c1-7a550e69578f	chr17	1521654	40771762	2	2	0
2dd5f72c-3f5e-4cf5-85c1-7a550e69578f	chr17	40779560	40998969	1	1	0
2dd5f72c-3f5e-4cf5-85c1-7a550e69578f	chr17	40999972	43658708	2	2	0
2dd5f72c-3f5e-4cf5-85c1-7a550e69578f	chr17	43659942	45626448	4	4	0
2dd5f72c-3f5e-4cf5-85c1-7a550e69578f	chr17	45632798	46135838	5	5	0
2dd5f72c-3f5e-4cf5-85c1-7a550e69578f	chr17	46136346	46275506	8	8	0
2dd5f72c-3f5e-4cf5-85c1-7a550e69578f	chr17	46276519	77235674	5	5	0
2dd5f72c-3f5e-4cf5-85c1-7a550e69578f	chr17	77237632	83091923	6	6	0
2dd5f72c-3f5e-4cf5-85c1-7a550e69578f	chr18	48133	6990115	4	2	2
2dd5f72c-3f5e-4cf5-85c1-7a550e69578f	chr18	6991093	7000792	2	1	1
2dd5f72c-3f5e-4cf5-85c1-7a550e69578f	chr18	7001274	45408435	4	2	2
2dd5f72c-3f5e-4cf5-85c1-7a550e69578f	chr18	45410788	45441449	5	3	2
2dd5f72c-3f5e-4cf5-85c1-7a550e69578f	chr18	45442103	76100345	3	2	1
2dd5f72c-3f5e-4cf5-85c1-7a550e69578f	chr18	76100409	76415651	4	2	2
2dd5f72c-3f5e-4cf5-85c1-7a550e69578f	chr18	76415746	80257174	3	2	1
2dd5f72c-3f5e-4cf5-85c1-7a550e69578f	chr19	90910	12852796	2	2	0
2dd5f72c-3f5e-4cf5-85c1-7a550e69578f	chr19	12853365	28826593	4	2	2
2dd5f72c-3f5e-4cf5-85c1-7a550e69578f	chr19	28828799	28840796	8	4	4
2dd5f72c-3f5e-4cf5-85c1-7a550e69578f	chr19	28840826	31607722	4	2	2
2dd5f72c-3f5e-4cf5-85c1-7a550e69578f	chr19	31607771	34155707	6	4	2
2dd5f72c-3f5e-4cf5-85c1-7a550e69578f	chr19	34156089	45932379	4	2	2
2dd5f72c-3f5e-4cf5-85c1-7a550e69578f	chr19	45932502	58586487	2	2	0
2dd5f72c-3f5e-4cf5-85c1-7a550e69578f	chr20	80664	48533224	4	2	2
2dd5f72c-3f5e-4cf5-85c1-7a550e69578f	chr20	48533730	64324800	5	3	2
2dd5f72c-3f5e-4cf5-85c1-7a550e69578f	chr21	12973348	14118973	5	3	2
2dd5f72c-3f5e-4cf5-85c1-7a550e69578f	chr21	14121040	18508155	4	2	2
2dd5f72c-3f5e-4cf5-85c1-7a550e69578f	chr21	18508864	18518443	6	3	3
2dd5f72c-3f5e-4cf5-85c1-7a550e69578f	chr21	18519324	30433917	3	2	1
2dd5f72c-3f5e-4cf5-85c1-7a550e69578f	chr21	30436043	30461034	6	3	3
2dd5f72c-3f5e-4cf5-85c1-7a550e69578f	chr21	30461342	45291559	3	2	1
2dd5f72c-3f5e-4cf5-85c1-7a550e69578f	chr21	45294726	46677045	4	2	2
2dd5f72c-3f5e-4cf5-85c1-7a550e69578f	chr22	16392123	17824868	2	2	0
2dd5f72c-3f5e-4cf5-85c1-7a550e69578f	chr22	17826053	17834855	4	4	0
2dd5f72c-3f5e-4cf5-85c1-7a550e69578f	chr22	17836197	29095718	2	2	0
2dd5f72c-3f5e-4cf5-85c1-7a550e69578f	chr22	29095792	29108476	5	5	0
2dd5f72c-3f5e-4cf5-85c1-7a550e69578f	chr22	29113154	50796027	2	2	0
2dd5f72c-3f5e-4cf5-85c1-7a550e69578f	chrX	251810	1035084	2	2	0
2dd5f72c-3f5e-4cf5-85c1-7a550e69578f	chrX	1040202	1584064	3	2	1
2dd5f72c-3f5e-4cf5-85c1-7a550e69578f	chrX	1584673	22286226	4	2	2
2dd5f72c-3f5e-4cf5-85c1-7a550e69578f	chrX	22287414	22297386	2	1	1
2dd5f72c-3f5e-4cf5-85c1-7a550e69578f	chrX	22297788	50600023	4	2	2
2dd5f72c-3f5e-4cf5-85c1-7a550e69578f	chrX	50600281	50615261	2	1	1
2dd5f72c-3f5e-4cf5-85c1-7a550e69578f	chrX	50615380	95141627	4	2	2
2dd5f72c-3f5e-4cf5-85c1-7a550e69578f	chrX	95141864	95158595	7	4	3
2dd5f72c-3f5e-4cf5-85c1-7a550e69578f	chrX	95159272	151063798	4	2	2
2dd5f72c-3f5e-4cf5-85c1-7a550e69578f	chrX	151064470	151228098	6	4	2
2dd5f72c-3f5e-4cf5-85c1-7a550e69578f	chrX	151229352	156004181	4	2	2
2dd5f72c-3f5e-4cf5-85c1-7a550e69578f	chrY	2782397	26653788	0	0	0
2dd5f72c-3f5e-4cf5-85c1-7a550e69578f	chrY	56872112	56872112	11	11	0
